0 1 
3 0 
1 4 
7 3 
4 8 
13 7 
8 15 
20 13 
15 23 
25 20 
23 31 
35 25 
31 42 
46 35 
42 53 
58 46 
53 66 
73 58 
66 82 
90 73 
89 99 
82 103 
112 89 
113 112 
114 113 
115 90 
99 124 
103 128 
139 115 
144 114 
146 144 
147 146 
148 147 
158 148 
159 158 
160 159 
161 139 
162 161 
124 163 
128 169 
169 183 
209 160 
210 211 
211 212 
212 213 
213 209 
215 162 
216 215 
218 210 
220 218 
163 221 
183 244 
244 246 
280 216 
281 280 
285 220 
286 285 
221 291 
246 320 
320 322 
323 281 
324 323 
364 286 
291 369 
322 400 
400 401 
402 324 
403 402 
437 364 
446 437 
369 447 
401 477 
477 479 
480 403 
523 446 
447 525 
479 554 
556 480 
557 556 
601 523 
602 603 
525 606 
554 633 
633 636 
637 557 
638 637 
670 602 
683 601 
603 686 
606 691 
636 719 
719 721 
722 638 
723 722 
755 670 
768 683 
686 771 
775 774 
774 776 
691 779 
721 808 
808 809 
812 723 
842 755 
854 768 
771 857 
858 854 
862 775 
776 868 
779 871 
871 874 
809 905 
907 812 
868 929 
929 930 
931 842 
857 949 
952 858 
949 953 
953 954 
954 955 
955 952 
961 862 
972 971 
973 972 
874 977 
977 979 
905 1008 
1010 907 
1031 931 
1032 1031 
1033 1032 
930 1034 
1034 1033 
971 1061 
1061 961 
1076 973 
1080 1076 
1079 1081 
1082 1080 
1081 1083 
1083 1082 
1084 1079 
979 1085 
1086 1084 
1085 1087 
1087 1088 
1088 1089 
1089 1086 
1008 1117 
1119 1010 
1117 1215 
1217 1119 
1215 1301 
1303 1217 
1301 1378 
1380 1303 
1378 1446 
1448 1380 
1446 1508 
1510 1448 
1508 1560 
1562 1510 
1560 1607 
1609 1562 
1607 1648 
1650 1609 
1648 1685 
1687 1650 
1685 1717 
1719 1687 
1717 1745 
1747 1719 
1745 1771 
1773 1747 
1771 1795 
1797 1773 
1795 1818 
1820 1797 
1818 1839 
1841 1820 
1839 1859 
1861 1841 
1859 1877 
1879 1861 
1877 1894 
1896 1879 
1894 1909 
1911 1896 
1909 1923 
1925 1911 
1923 1935 
1937 1925 
1935 1945 
1947 1937 
1945 1954 
1956 1947 
1954 1961 
1963 1956 
1961 1967 
1969 1963 
1967 1971 
1973 1969 
1971 1974 
1974 1975 
1975 1973 
