1 0 2 
0 3 2 
4 1 5 
5 1 2 
3 6 2 
5 2 6 
3 7 6 
8 4 9 
9 4 5 
9 5 10 
10 5 6 
6 11 10 
6 7 12 
6 12 11 
7 13 12 
14 8 9 
15 8 14 
14 9 16 
16 9 10 
16 10 17 
17 10 11 
11 12 18 
11 18 17 
12 13 19 
12 19 18 
13 20 19 
21 14 16 
22 15 14 
22 14 21 
23 15 22 
21 16 24 
24 16 17 
24 17 26 
18 27 17 
26 17 27 
18 19 28 
18 28 27 
20 25 29 
19 20 29 
19 29 28 
30 21 24 
32 22 21 
32 21 30 
31 23 33 
33 23 22 
33 22 32 
30 24 34 
34 24 26 
25 35 36 
29 25 36 
27 37 26 
34 26 37 
27 28 38 
27 38 37 
29 36 39 
28 29 39 
28 39 38 
40 30 34 
41 32 30 
41 30 40 
42 31 43 
43 31 33 
43 33 44 
44 33 32 
44 32 41 
40 34 45 
45 34 37 
35 46 47 
36 35 47 
37 48 45 
36 47 49 
39 36 49 
37 38 50 
37 50 48 
39 49 51 
38 39 51 
38 51 50 
52 40 45 
54 41 40 
54 40 52 
55 44 41 
55 41 54 
53 42 56 
56 42 43 
56 43 57 
57 43 44 
57 44 55 
52 45 59 
59 45 48 
46 58 60 
47 46 60 
47 60 61 
49 47 61 
48 62 59 
48 50 63 
48 63 62 
49 61 64 
51 49 64 
51 64 65 
50 51 65 
50 65 63 
67 52 59 
68 54 52 
68 52 67 
66 53 69 
69 53 56 
70 55 54 
70 54 68 
71 57 55 
71 55 70 
69 56 72 
72 56 57 
72 57 71 
58 73 74 
60 58 74 
67 59 75 
75 59 62 
60 74 76 
61 60 76 
61 76 77 
64 61 77 
62 63 78 
62 78 75 
63 65 79 
63 79 78 
64 77 80 
65 64 80 
65 80 79 
81 67 75 
82 66 83 
83 66 69 
84 68 67 
84 67 81 
85 70 68 
85 68 84 
83 69 86 
86 69 72 
87 71 70 
87 70 85 
86 72 88 
88 72 71 
88 71 87 
73 90 91 
74 73 91 
74 91 92 
76 74 92 
81 75 93 
78 94 75 
93 75 94 
76 92 95 
77 76 95 
77 95 96 
80 77 96 
78 79 97 
78 97 94 
80 96 98 
79 80 98 
79 98 97 
89 99 100 
101 81 93 
102 84 81 
102 81 101 
103 82 104 
104 82 83 
104 83 105 
105 83 86 
106 85 84 
106 84 102 
107 87 85 
107 85 106 
105 86 108 
108 86 88 
108 88 109 
109 88 87 
109 87 107 
111 89 100 
111 100 110 
112 89 111 
90 115 116 
91 90 116 
91 116 117 
92 91 117 
92 117 118 
95 92 118 
94 119 93 
101 93 119 
94 97 120 
94 120 119 
95 118 121 
96 95 121 
96 121 122 
98 96 122 
98 122 123 
97 98 123 
97 123 120 
99 124 125 
100 99 125 
100 125 126 
110 100 126 
125 124 127 
129 101 119 
130 102 101 
130 101 129 
131 106 102 
131 102 130 
128 103 132 
132 103 104 
132 104 133 
133 104 105 
133 105 134 
134 105 108 
135 107 106 
135 106 131 
136 109 107 
136 107 135 
134 108 137 
137 108 109 
137 109 136 
110 126 138 
140 110 138 
141 111 110 
141 110 140 
113 112 142 
142 112 111 
142 111 141 
114 113 143 
143 113 142 
144 114 145 
145 114 143 
115 139 149 
116 115 149 
116 149 150 
117 116 150 
119 151 129 
117 150 152 
118 117 152 
118 152 153 
121 118 153 
119 120 154 
119 154 151 
120 123 155 
120 155 154 
121 153 156 
122 121 156 
122 156 157 
123 122 157 
123 157 155 
124 163 127 
138 126 164 
125 127 165 
126 125 165 
126 165 164 
165 127 166 
127 163 167 
127 167 166 
163 168 167 
169 128 170 
170 128 132 
171 129 151 
173 130 129 
173 129 171 
174 131 130 
174 130 173 
175 135 131 
175 131 174 
170 132 176 
176 132 133 
176 133 177 
177 133 134 
177 134 178 
178 134 137 
179 136 135 
179 135 175 
178 137 180 
180 137 136 
180 136 179 
138 164 181 
140 138 182 
182 138 181 
139 161 184 
149 139 184 
185 140 182 
186 141 140 
186 140 185 
143 142 187 
187 142 141 
187 141 186 
145 143 188 
188 143 187 
146 144 189 
189 144 145 
189 145 190 
190 145 188 
147 146 191 
191 146 189 
158 148 192 
148 147 193 
192 148 193 
193 147 191 
149 184 195 
150 149 195 
150 195 196 
152 150 196 
151 154 197 
151 197 171 
197 198 171 
172 171 198 
198 199 172 
152 196 200 
153 152 200 
153 200 201 
156 153 201 
154 155 202 
154 202 197 
155 157 203 
155 203 202 
156 201 204 
157 156 204 
157 204 203 
159 158 205 
205 158 192 
160 159 206 
206 159 205 
160 206 207 
208 160 207 
209 160 208 
161 162 214 
184 161 214 
162 215 217 
214 162 217 
218 210 219 
163 221 168 
181 164 222 
165 166 223 
164 165 223 
164 223 222 
166 167 224 
166 224 223 
167 168 225 
225 224 167 
168 221 226 
168 226 225 
221 227 226 
183 169 228 
228 169 170 
228 170 229 
229 170 176 
230 173 171 
230 171 172 
231 230 172 
194 231 199 
231 172 199 
194 232 231 
233 174 173 
233 173 230 
234 175 174 
234 174 233 
235 179 175 
235 175 234 
229 176 236 
236 176 177 
236 177 237 
237 177 178 
237 178 238 
238 178 180 
238 180 239 
239 180 179 
239 179 235 
181 222 240 
182 181 241 
241 181 240 
185 182 242 
242 182 241 
240 222 243 
244 183 245 
245 183 228 
184 214 247 
195 184 247 
248 185 242 
249 186 185 
249 185 248 
188 187 250 
250 187 186 
250 186 249 
190 188 251 
251 188 250 
191 189 252 
252 189 190 
252 190 253 
253 190 251 
205 192 254 
193 191 255 
255 191 252 
192 193 256 
254 192 256 
256 193 255 
258 257 232 
258 232 194 
258 194 259 
259 194 199 
195 247 263 
196 195 263 
196 263 264 
200 196 264 
197 202 265 
197 265 198 
198 265 266 
198 266 199 
199 266 267 
199 267 259 
200 264 268 
201 200 268 
201 268 269 
204 201 269 
202 203 270 
202 270 265 
204 269 271 
203 204 271 
203 271 270 
206 205 272 
206 272 207 
272 205 254 
208 207 273 
273 207 272 
209 208 274 
274 208 273 
213 209 275 
275 209 274 
210 211 276 
219 210 276 
211 212 277 
276 211 277 
212 213 278 
277 212 278 
278 213 275 
214 217 279 
247 214 279 
215 216 282 
217 215 282 
216 280 283 
282 216 283 
217 282 284 
279 217 284 
219 276 287 
220 218 288 
288 218 219 
288 219 289 
289 219 287 
285 220 290 
290 220 288 
221 291 227 
222 223 292 
222 292 243 
223 224 293 
223 293 292 
225 294 224 
293 224 294 
225 226 295 
225 295 294 
226 227 296 
296 295 226 
227 291 297 
227 297 296 
291 298 297 
245 228 299 
299 228 229 
299 229 300 
300 229 236 
301 233 230 
301 230 231 
302 301 231 
302 231 232 
232 257 303 
232 303 302 
304 234 233 
304 233 301 
305 235 234 
305 234 304 
306 239 235 
306 235 305 
300 236 307 
307 236 237 
307 237 308 
308 237 238 
308 238 309 
309 238 239 
309 239 306 
241 240 310 
240 243 310 
242 241 311 
311 241 310 
248 242 312 
262 248 312 
312 242 311 
262 312 313 
261 262 313 
261 313 314 
260 261 314 
260 314 315 
257 260 315 
257 315 303 
243 292 316 
243 316 317 
243 317 310 
246 244 318 
318 244 245 
318 245 319 
319 245 299 
320 246 321 
321 246 318 
247 279 325 
263 247 325 
272 254 326 
327 249 248 
327 248 262 
251 250 328 
328 250 249 
328 249 327 
253 251 329 
251 328 329 
255 252 330 
330 252 253 
330 253 329 
254 256 331 
326 254 331 
256 255 332 
332 255 330 
331 256 333 
256 332 333 
334 260 257 
334 257 258 
334 258 335 
335 258 259 
336 335 259 
336 259 267 
337 261 260 
337 260 334 
327 262 338 
338 262 261 
338 261 337 
327 338 339 
263 325 340 
264 263 340 
264 340 341 
268 264 341 
265 270 342 
265 342 266 
266 342 343 
266 343 267 
267 343 336 
268 341 344 
269 268 344 
269 344 345 
271 269 345 
271 345 346 
270 271 346 
270 346 342 
273 272 347 
347 272 326 
273 347 348 
273 348 274 
275 274 349 
349 274 348 
278 275 350 
350 275 349 
276 277 351 
287 276 351 
277 278 352 
351 277 352 
352 278 350 
347 326 353 
279 284 354 
325 279 354 
280 281 355 
283 280 355 
281 323 356 
355 281 356 
282 283 357 
284 282 357 
283 355 358 
357 283 358 
284 357 359 
354 284 359 
286 285 360 
285 290 361 
360 285 361 
286 360 362 
363 286 362 
364 286 363 
289 287 365 
287 351 365 
290 288 366 
288 289 366 
366 289 367 
367 289 365 
361 290 368 
368 290 366 
291 369 298 
294 370 293 
292 293 370 
370 316 292 
294 295 371 
294 371 370 
370 372 316 
296 373 295 
371 295 373 
296 297 374 
296 374 373 
297 298 375 
375 374 297 
298 369 376 
298 376 375 
369 377 376 
319 299 378 
378 299 300 
378 300 379 
379 300 307 
380 304 301 
380 301 302 
381 380 302 
381 302 303 
303 315 382 
303 382 381 
383 305 304 
383 304 380 
384 306 305 
384 305 383 
385 309 306 
385 306 384 
379 307 386 
386 307 308 
386 308 387 
387 308 309 
387 309 385 
311 310 388 
388 310 317 
312 311 389 
389 311 388 
313 312 390 
312 389 390 
313 390 314 
314 390 391 
315 314 392 
314 391 392 
315 392 382 
317 316 393 
316 372 393 
317 393 394 
317 394 388 
321 318 395 
395 318 319 
395 319 396 
396 319 378 
322 320 397 
397 320 321 
397 321 398 
398 321 395 
399 322 397 
400 322 399 
323 324 404 
356 323 404 
324 402 405 
404 324 405 
325 354 406 
340 325 406 
326 331 407 
353 326 407 
329 328 408 
328 327 408 
339 408 327 
330 329 409 
409 329 408 
332 330 410 
410 330 409 
331 333 411 
407 331 411 
411 333 412 
333 332 412 
332 410 412 
337 334 413 
335 413 334 
414 413 335 
414 335 336 
415 414 336 
415 336 343 
416 339 338 
416 338 337 
416 337 413 
417 408 339 
417 339 416 
340 406 418 
341 340 418 
341 418 419 
344 341 419 
342 346 420 
342 420 343 
415 343 420 
344 419 421 
345 344 421 
345 421 422 
346 345 422 
346 422 420 
365 351 423 
424 348 347 
347 353 424 
350 349 425 
349 348 425 
425 348 424 
350 425 426 
352 350 427 
427 350 426 
351 352 428 
351 428 423 
428 352 427 
424 353 429 
353 407 430 
353 430 429 
354 359 431 
406 354 431 
355 356 432 
358 355 432 
356 404 433 
432 356 433 
357 358 434 
359 357 434 
358 432 435 
434 358 435 
359 434 436 
431 359 436 
360 361 438 
360 438 362 
438 361 368 
363 362 439 
439 362 438 
364 363 440 
363 439 440 
437 364 441 
441 364 440 
365 423 442 
367 365 443 
443 365 442 
368 366 444 
444 366 367 
444 367 443 
438 368 445 
445 368 444 
369 447 377 
370 371 448 
370 448 372 
371 373 449 
448 371 449 
372 450 393 
372 448 451 
372 451 450 
373 374 452 
373 452 449 
377 447 453 
375 454 374 
452 374 454 
375 376 455 
375 455 454 
377 453 456 
376 377 456 
456 455 376 
396 378 457 
457 378 379 
457 379 458 
458 379 386 
459 383 380 
459 380 381 
460 459 381 
460 381 382 
382 392 461 
382 461 460 
462 384 383 
462 383 459 
463 385 384 
463 384 462 
464 387 385 
464 385 463 
458 386 465 
465 386 387 
465 387 464 
389 388 466 
466 388 394 
390 389 466 
390 466 467 
391 390 467 
391 467 468 
392 391 469 
468 469 391 
461 392 469 
394 393 470 
450 470 393 
394 470 466 
398 395 471 
471 395 396 
471 396 472 
472 396 457 
399 397 473 
473 397 398 
473 398 474 
474 398 471 
475 399 473 
401 400 476 
476 400 399 
476 399 475 
477 401 478 
478 401 476 
402 403 481 
405 402 481 
403 480 482 
481 403 482 
404 405 483 
433 404 483 
405 481 484 
483 405 484 
406 431 485 
418 406 485 
407 411 486 
430 407 486 
410 409 487 
487 409 408 
487 408 417 
411 412 488 
486 411 488 
488 412 410 
410 487 488 
489 416 413 
489 413 414 
490 489 414 
490 414 415 
491 490 415 
420 491 415 
492 417 416 
492 416 489 
487 417 493 
493 417 492 
418 485 494 
419 418 494 
419 494 495 
421 419 495 
420 422 496 
420 496 491 
421 495 497 
422 421 497 
422 497 496 
442 423 499 
423 428 500 
423 500 499 
426 425 501 
425 424 501 
424 429 501 
427 426 502 
502 426 501 
428 427 503 
500 428 503 
503 427 502 
504 501 429 
429 430 504 
430 486 505 
505 504 430 
505 486 498 
431 436 506 
485 431 506 
432 433 507 
435 432 507 
433 483 508 
507 433 508 
434 435 509 
436 434 509 
435 507 510 
509 435 510 
436 509 511 
506 436 511 
446 437 512 
512 437 513 
437 441 513 
439 438 514 
438 445 514 
515 440 439 
515 439 514 
441 440 516 
516 440 515 
513 441 516 
517 446 518 
446 512 518 
442 499 519 
519 443 442 
445 444 520 
520 444 443 
520 443 519 
514 445 521 
521 445 520 
514 521 522 
523 446 517 
447 524 453 
447 525 524 
453 524 526 
449 527 448 
451 448 527 
449 452 528 
449 528 527 
450 451 529 
450 529 470 
451 527 530 
529 451 530 
452 454 531 
528 452 531 
456 453 532 
526 532 453 
454 455 533 
454 533 531 
456 532 534 
456 534 455 
533 455 534 
472 457 535 
535 457 458 
535 458 536 
536 458 465 
537 462 459 
537 459 460 
537 460 538 
461 469 538 
461 538 460 
539 463 462 
539 462 537 
540 464 463 
540 463 539 
536 465 541 
541 465 464 
541 464 540 
470 542 466 
467 466 542 
542 468 467 
542 543 468 
468 543 469 
469 543 544 
469 544 538 
470 529 545 
470 545 542 
474 471 546 
546 471 472 
546 472 547 
547 472 535 
475 473 548 
548 473 474 
548 474 549 
549 474 546 
550 475 548 
478 476 551 
551 476 475 
551 475 550 
479 477 552 
552 477 478 
552 478 553 
553 478 551 
554 479 555 
555 479 552 
480 556 558 
482 480 558 
481 482 559 
484 481 559 
482 558 560 
559 482 560 
483 484 561 
508 483 561 
484 559 562 
561 484 562 
485 506 563 
494 485 563 
486 488 564 
486 564 498 
564 488 565 
488 487 565 
487 493 565 
566 492 489 
566 489 490 
567 566 490 
567 490 491 
568 567 491 
491 496 568 
493 492 569 
569 492 566 
570 565 493 
493 569 570 
494 563 571 
495 494 571 
495 571 572 
497 495 572 
497 572 573 
496 497 573 
496 573 568 
498 564 574 
505 498 575 
575 498 574 
519 499 577 
519 577 576 
499 500 578 
577 499 578 
500 503 579 
578 500 579 
502 501 580 
580 501 504 
503 502 581 
579 503 581 
581 502 580 
580 504 582 
582 504 505 
582 505 583 
583 505 575 
506 511 584 
563 506 584 
507 508 585 
510 507 585 
508 561 586 
585 508 586 
509 510 587 
511 509 587 
510 585 588 
587 510 588 
511 587 589 
584 511 589 
512 513 590 
518 512 590 
590 513 591 
516 591 513 
515 514 592 
592 514 522 
516 515 593 
516 593 591 
593 515 592 
594 523 595 
523 517 595 
517 518 596 
595 517 596 
596 518 597 
597 518 590 
521 520 598 
521 598 522 
598 520 519 
598 519 576 
599 592 522 
599 522 598 
601 523 594 
601 594 600 
524 525 604 
524 604 526 
525 605 604 
525 606 605 
526 607 532 
526 604 608 
526 608 607 
527 528 609 
527 609 530 
528 531 610 
609 528 610 
529 530 611 
545 529 611 
530 609 612 
530 612 611 
531 533 613 
531 613 610 
534 532 614 
614 532 607 
534 614 615 
533 534 615 
613 533 615 
547 535 616 
616 535 536 
616 536 617 
617 536 541 
618 539 537 
538 544 618 
618 537 538 
619 540 539 
619 539 618 
617 541 620 
620 541 540 
620 540 619 
542 545 621 
542 621 543 
543 621 622 
543 622 544 
544 622 623 
544 623 618 
545 611 624 
621 545 624 
549 546 625 
625 546 547 
625 547 626 
626 547 616 
550 548 627 
627 548 549 
627 549 628 
628 549 625 
629 550 627 
553 551 630 
630 551 550 
630 550 629 
555 552 631 
631 552 553 
631 553 632 
632 553 630 
633 554 634 
634 554 555 
634 555 635 
635 555 631 
556 557 639 
558 556 639 
557 637 640 
639 557 640 
558 639 641 
560 558 641 
559 560 642 
562 559 642 
560 641 643 
642 560 643 
561 562 644 
586 561 644 
562 642 645 
644 562 645 
563 584 646 
571 563 646 
564 565 647 
564 647 574 
647 565 570 
569 566 648 
648 566 567 
648 567 649 
649 567 568 
649 568 573 
647 570 650 
650 570 569 
650 569 648 
650 648 651 
571 646 652 
572 571 652 
572 652 653 
573 572 653 
573 653 649 
575 574 654 
654 574 647 
583 575 655 
575 654 655 
598 576 656 
576 577 657 
656 576 657 
577 578 658 
577 658 657 
578 579 659 
578 659 658 
579 581 660 
659 579 660 
581 580 661 
660 581 661 
661 580 582 
661 582 662 
662 582 583 
662 583 655 
584 589 663 
646 584 663 
585 586 664 
588 585 664 
586 644 665 
664 586 665 
587 588 666 
589 587 666 
588 664 667 
666 588 667 
589 666 668 
663 589 668 
670 602 669 
590 591 671 
597 590 671 
671 591 672 
672 591 593 
593 592 673 
593 673 672 
673 592 599 
594 595 674 
600 594 674 
674 595 675 
596 675 595 
596 597 676 
596 676 675 
676 597 677 
671 677 597 
678 599 598 
678 598 656 
673 599 679 
679 599 678 
674 680 600 
681 600 680 
682 601 600 
682 600 681 
683 601 682 
602 603 684 
669 602 684 
684 603 685 
603 686 685 
687 678 656 
604 605 688 
608 604 688 
605 606 689 
605 689 688 
606 690 689 
606 691 690 
614 607 692 
607 608 693 
607 693 692 
608 688 694 
693 608 694 
609 610 695 
612 609 695 
610 613 696 
610 696 695 
611 612 697 
611 697 624 
612 695 698 
697 612 698 
613 615 699 
696 613 699 
615 614 700 
615 700 699 
700 614 692 
626 616 701 
701 616 617 
701 617 702 
702 617 620 
703 619 618 
703 618 623 
702 620 704 
704 620 619 
704 619 703 
621 624 705 
622 621 705 
622 705 706 
623 622 706 
703 623 706 
624 697 707 
624 707 705 
628 625 708 
708 625 626 
708 626 709 
709 626 701 
629 627 710 
710 627 628 
710 628 711 
711 628 708 
712 629 710 
632 630 713 
713 630 629 
713 629 712 
635 631 714 
714 631 632 
714 632 715 
715 632 713 
636 633 716 
716 633 634 
716 634 717 
717 634 635 
717 635 718 
718 635 714 
719 636 720 
720 636 716 
637 638 724 
640 637 724 
638 722 725 
724 638 725 
639 640 726 
641 639 726 
640 724 727 
726 640 727 
641 726 728 
643 641 728 
642 643 729 
645 642 729 
643 728 730 
729 643 730 
644 645 731 
665 644 731 
645 729 732 
731 645 732 
646 663 733 
652 646 733 
647 650 734 
654 647 734 
648 649 735 
735 651 648 
653 735 649 
734 650 736 
736 650 651 
736 651 735 
652 733 737 
653 652 737 
653 737 735 
662 655 738 
654 734 739 
738 655 740 
655 654 740 
654 739 740 
687 656 741 
741 656 657 
657 658 742 
741 657 742 
658 659 743 
658 743 742 
659 660 744 
659 744 743 
660 661 745 
744 660 745 
745 661 746 
661 662 746 
746 662 738 
663 668 747 
733 663 747 
664 665 748 
667 664 748 
665 731 749 
748 665 749 
666 667 750 
668 666 750 
667 748 751 
750 667 751 
668 750 752 
747 668 752 
669 684 753 
754 670 669 
754 669 753 
755 670 754 
671 672 756 
671 756 677 
756 672 757 
757 672 673 
757 673 679 
674 675 758 
674 758 680 
759 677 756 
758 675 760 
760 675 676 
676 677 761 
760 676 761 
761 677 759 
679 678 762 
762 678 687 
763 757 679 
763 679 762 
764 680 758 
681 680 765 
765 680 764 
766 682 681 
766 681 765 
767 683 682 
767 682 766 
768 683 767 
684 685 769 
684 769 753 
685 686 770 
685 770 769 
686 771 770 
762 687 772 
772 687 773 
773 687 741 
688 689 777 
690 777 689 
688 777 694 
690 691 778 
690 778 777 
691 779 778 
700 692 780 
692 693 781 
694 781 693 
692 781 780 
694 777 782 
694 782 781 
695 696 783 
695 783 698 
696 699 784 
783 696 784 
697 698 785 
707 697 785 
698 783 786 
698 786 785 
699 700 787 
699 787 784 
787 700 780 
709 701 788 
788 701 702 
788 702 789 
789 702 704 
789 704 790 
790 704 703 
706 790 703 
705 707 791 
705 791 706 
706 791 792 
706 792 790 
707 785 793 
791 707 793 
711 708 794 
794 708 709 
794 709 795 
795 709 788 
712 710 796 
796 710 711 
796 711 797 
797 711 794 
798 712 796 
715 713 799 
799 713 712 
799 712 798 
718 714 800 
800 714 715 
800 715 801 
801 715 799 
720 716 802 
802 716 717 
803 718 800 
802 717 804 
804 717 718 
804 718 803 
721 719 805 
805 719 720 
805 720 806 
806 720 802 
807 721 805 
808 721 807 
722 723 810 
725 722 810 
810 723 811 
723 812 811 
725 810 813 
724 725 814 
727 724 814 
814 725 813 
726 727 815 
728 726 815 
727 814 816 
815 727 816 
728 815 817 
730 728 817 
729 730 818 
732 729 818 
730 817 819 
818 730 819 
731 732 820 
749 731 820 
732 818 821 
820 732 821 
733 747 822 
737 733 822 
734 736 823 
739 734 823 
823 736 824 
824 736 735 
824 735 737 
737 822 825 
737 825 824 
739 823 826 
827 746 738 
827 738 740 
828 827 740 
828 740 739 
826 828 739 
773 741 829 
829 741 742 
742 743 830 
829 742 830 
744 745 831 
744 831 743 
743 831 830 
745 746 832 
831 745 832 
832 746 827 
747 752 833 
822 747 833 
748 749 834 
751 748 834 
749 820 835 
834 749 835 
750 751 836 
752 750 836 
751 834 837 
836 751 837 
752 836 838 
833 752 838 
839 753 769 
840 754 753 
840 753 839 
841 755 754 
841 754 840 
842 755 841 
756 757 843 
759 756 843 
843 757 763 
758 760 844 
758 844 764 
761 759 845 
845 759 843 
844 760 846 
846 760 761 
846 761 845 
847 763 762 
847 762 772 
843 763 848 
848 763 847 
765 764 849 
849 764 844 
850 765 849 
851 766 765 
851 765 850 
852 767 766 
852 766 851 
853 768 767 
853 767 852 
854 768 853 
770 855 769 
769 855 839 
770 771 856 
770 856 855 
771 857 856 
859 847 772 
772 773 860 
859 772 860 
860 773 861 
861 773 829 
862 775 863 
775 774 864 
774 776 865 
864 774 866 
774 865 866 
863 775 867 
775 864 867 
776 868 869 
865 776 870 
776 869 870 
777 778 872 
777 872 782 
779 871 873 
778 779 873 
778 873 872 
782 872 875 
780 781 876 
780 876 787 
782 875 877 
781 782 877 
781 877 876 
783 784 878 
786 783 878 
784 787 879 
784 879 878 
785 786 880 
785 880 793 
786 878 881 
880 786 881 
876 882 787 
879 787 882 
795 788 883 
883 788 789 
883 789 884 
884 789 790 
884 790 792 
791 793 885 
792 791 885 
884 792 885 
793 880 886 
793 886 885 
886 880 887 
797 794 888 
888 794 795 
888 795 889 
889 795 883 
798 796 890 
890 796 797 
890 797 891 
891 797 888 
892 798 890 
801 799 893 
893 799 798 
893 798 892 
803 800 894 
894 800 801 
894 801 895 
895 801 893 
896 803 894 
806 802 897 
897 802 804 
897 804 898 
898 804 803 
898 803 896 
806 897 899 
807 805 900 
900 805 806 
900 806 901 
806 899 901 
902 807 900 
809 808 903 
903 808 807 
903 807 902 
904 809 903 
905 809 904 
810 811 906 
813 810 906 
812 907 811 
907 906 811 
906 908 813 
814 813 909 
816 814 909 
909 813 908 
815 816 910 
817 815 910 
816 909 911 
910 816 911 
817 910 912 
819 817 912 
818 819 913 
821 818 913 
819 912 914 
913 819 914 
820 821 915 
835 820 915 
821 913 916 
915 821 916 
822 833 917 
825 822 917 
825 917 918 
823 824 918 
826 823 918 
825 918 824 
919 828 826 
919 826 918 
832 827 920 
920 827 828 
920 828 919 
861 829 921 
831 921 830 
921 829 830 
831 832 922 
831 922 921 
832 920 922 
833 838 923 
917 833 923 
834 835 924 
837 834 924 
835 915 925 
924 835 925 
836 837 926 
838 836 926 
837 924 927 
837 927 926 
838 926 928 
923 838 928 
855 932 839 
933 840 839 
933 839 932 
934 841 840 
934 840 933 
931 842 935 
935 842 841 
935 841 934 
936 849 844 
845 843 937 
937 843 848 
845 937 938 
844 846 939 
844 939 936 
939 846 940 
940 846 845 
940 845 938 
848 847 941 
941 847 859 
937 848 942 
942 848 941 
850 849 943 
943 849 936 
944 850 943 
945 851 850 
945 850 944 
946 852 851 
946 851 945 
947 853 852 
947 852 946 
858 854 948 
948 854 853 
948 853 947 
855 856 950 
855 950 932 
857 949 951 
856 857 951 
856 951 950 
952 858 956 
956 858 948 
941 859 957 
957 859 958 
958 859 860 
860 861 959 
958 860 959 
959 861 960 
960 861 921 
961 862 962 
962 862 963 
862 863 963 
863 867 964 
963 863 964 
864 866 965 
867 864 965 
865 870 966 
866 865 966 
965 866 967 
967 866 966 
964 867 968 
965 968 867 
868 929 969 
869 868 969 
869 969 970 
966 870 970 
869 970 870 
871 874 974 
873 871 974 
873 974 975 
872 873 975 
872 975 875 
875 975 976 
874 977 978 
974 874 978 
875 976 980 
877 875 980 
877 980 981 
876 877 981 
876 981 882 
980 976 982 
878 879 983 
882 983 879 
878 983 881 
881 983 984 
881 984 880 
984 887 880 
882 981 985 
882 985 983 
984 986 887 
889 883 987 
987 883 884 
885 886 988 
987 884 989 
885 988 989 
989 884 885 
886 887 990 
988 886 990 
887 986 991 
887 991 990 
891 888 992 
992 888 889 
992 889 993 
993 889 987 
892 890 994 
994 890 891 
994 891 995 
995 891 992 
996 892 994 
895 893 997 
997 893 892 
997 892 996 
896 894 998 
998 894 895 
998 895 999 
895 997 999 
1000 896 998 
898 896 1001 
1001 896 1000 
899 897 1002 
897 898 1002 
1002 898 1003 
898 1001 1003 
899 1002 1004 
899 1004 901 
902 900 1005 
1005 900 901 
1005 901 1004 
903 902 1006 
902 1005 1006 
1007 904 903 
1006 1007 903 
1008 905 904 
1007 1008 904 
906 1009 908 
907 1010 906 
906 1010 1009 
908 1009 1011 
908 1011 909 
1011 1012 909 
911 909 1012 
1012 1013 911 
910 911 1013 
912 910 1013 
1013 1014 912 
914 912 1014 
1014 1015 914 
913 914 1016 
1016 914 1015 
916 913 1016 
915 916 1017 
915 1017 925 
916 1016 1018 
1017 916 1018 
917 923 1019 
918 917 1019 
920 919 1020 
1020 919 1021 
1021 919 918 
1021 918 1019 
922 920 1022 
920 1020 1022 
921 922 1023 
921 1023 960 
1023 922 1022 
923 928 1024 
1019 923 1024 
925 1017 1025 
924 925 1026 
927 924 1026 
1026 925 1025 
926 927 1027 
928 926 1027 
927 1026 1028 
1027 927 1028 
928 1027 1029 
1024 928 1029 
929 930 1030 
969 929 1030 
930 1034 1035 
1030 930 1035 
1031 931 1036 
1036 931 935 
932 950 1037 
1038 934 933 
932 1037 1038 
1038 933 932 
1036 935 1039 
1039 935 934 
1039 934 1038 
943 936 1040 
1040 936 1041 
936 939 1041 
937 942 1042 
1042 938 937 
1043 940 938 
1043 938 1042 
939 940 1044 
939 1044 1041 
1044 940 1043 
942 941 1045 
942 1045 1042 
1045 941 957 
944 943 1046 
943 1040 1046 
1047 945 944 
1047 944 1046 
1048 946 945 
1048 945 1047 
1049 947 946 
1049 946 1048 
956 948 1050 
1050 948 947 
1050 947 1049 
949 953 1051 
951 949 1051 
951 1051 1052 
950 951 1052 
950 1052 1037 
955 952 1053 
1053 952 956 
953 954 1054 
1051 953 1054 
954 955 1055 
1054 954 1055 
1055 955 1053 
1053 956 1056 
1056 956 1050 
1045 957 1057 
957 958 1058 
1057 957 1058 
1058 958 1059 
1059 958 959 
959 960 1060 
1059 959 1060 
1060 960 1023 
1061 961 1062 
1062 961 1063 
961 962 1063 
962 963 1064 
1063 962 1064 
1064 963 1065 
964 1065 963 
964 968 1066 
964 1066 1065 
965 967 1067 
965 1067 968 
966 970 1068 
1067 967 1068 
966 1068 967 
1066 968 1069 
1069 968 1067 
969 1030 1070 
970 969 1070 
970 1070 1071 
1068 970 1071 
972 971 1072 
972 1072 1073 
971 1061 1074 
1072 971 1075 
971 1074 1075 
973 972 1077 
1077 972 1073 
1076 973 1078 
1078 973 1077 
974 978 1090 
975 974 1090 
975 1090 1091 
975 1091 976 
976 1091 982 
977 979 1092 
978 977 1092 
978 1092 1093 
1090 978 1093 
979 1085 1094 
1092 979 1094 
980 982 1095 
981 980 1095 
981 1095 985 
1091 1096 982 
1095 982 1096 
983 985 1097 
983 1097 984 
984 1097 986 
985 1095 1098 
985 1098 1097 
1097 1099 986 
986 1099 991 
993 987 1100 
1100 987 989 
988 990 1100 
1100 989 988 
1101 993 1100 
990 991 1102 
990 1102 1100 
1099 1103 991 
1103 1102 991 
995 992 1104 
1104 992 993 
1104 993 1101 
996 994 1105 
1105 994 995 
1105 995 1106 
1106 995 1104 
1107 996 1105 
997 996 1108 
1108 996 1107 
997 1108 1109 
1109 999 997 
1000 998 1110 
1110 998 999 
1110 999 1109 
1001 1000 1111 
1000 1110 1111 
1112 1003 1001 
1111 1112 1001 
1113 1004 1002 
1112 1113 1003 
1113 1002 1003 
1114 1005 1004 
1113 1114 1004 
1115 1006 1005 
1114 1115 1005 
1116 1007 1006 
1116 1006 1115 
1117 1008 1007 
1116 1117 1007 
1009 1118 1011 
1010 1119 1009 
1009 1119 1118 
1011 1118 1120 
1011 1120 1012 
1012 1120 1121 
1012 1121 1013 
1013 1121 1122 
1013 1122 1014 
1014 1122 1123 
1014 1123 1015 
1015 1123 1124 
1015 1124 1016 
1124 1125 1016 
1018 1016 1125 
1125 1126 1018 
1017 1018 1126 
1025 1017 1126 
1126 1127 1025 
1020 1021 1128 
1019 1024 1128 
1128 1021 1019 
1022 1020 1128 
1060 1023 1129 
1023 1022 1129 
1128 1129 1022 
1128 1024 1130 
1024 1029 1130 
1026 1025 1131 
1131 1025 1127 
1028 1026 1131 
1027 1028 1132 
1029 1027 1132 
1028 1131 1133 
1132 1028 1133 
1029 1132 1134 
1029 1134 1130 
1030 1035 1135 
1070 1030 1135 
1032 1031 1136 
1136 1031 1036 
1033 1032 1137 
1137 1032 1136 
1034 1033 1138 
1035 1034 1138 
1138 1033 1137 
1035 1138 1139 
1135 1035 1139 
1136 1036 1140 
1140 1036 1039 
1037 1052 1141 
1141 1038 1037 
1140 1039 1142 
1142 1039 1038 
1142 1038 1141 
1040 1041 1143 
1143 1046 1040 
1041 1044 1144 
1144 1143 1041 
1145 1043 1042 
1145 1042 1045 
1044 1043 1146 
1044 1146 1144 
1146 1043 1145 
1147 1145 1045 
1147 1045 1057 
1148 1047 1046 
1148 1046 1143 
1149 1048 1047 
1149 1047 1148 
1150 1049 1048 
1150 1048 1149 
1056 1050 1151 
1151 1050 1049 
1151 1049 1150 
1051 1054 1152 
1052 1051 1152 
1052 1152 1141 
1141 1152 1153 
1055 1053 1154 
1154 1053 1056 
1054 1055 1155 
1152 1054 1155 
1155 1055 1154 
1154 1056 1156 
1156 1056 1151 
1157 1147 1057 
1057 1058 1158 
1157 1057 1158 
1058 1059 1159 
1158 1058 1159 
1159 1059 1160 
1160 1059 1060 
1160 1060 1129 
1074 1061 1161 
1061 1062 1161 
1062 1063 1162 
1161 1062 1162 
1162 1063 1163 
1064 1163 1063 
1064 1065 1164 
1064 1164 1163 
1164 1065 1165 
1165 1065 1066 
1066 1069 1166 
1165 1066 1166 
1067 1068 1167 
1069 1067 1168 
1067 1167 1168 
1068 1071 1169 
1167 1068 1169 
1166 1069 1170 
1170 1069 1168 
1070 1135 1171 
1071 1070 1171 
1071 1171 1169 
1077 1073 1172 
1072 1075 1173 
1172 1073 1174 
1072 1173 1174 
1174 1073 1072 
1074 1161 1175 
1075 1074 1175 
1173 1075 1176 
1175 1176 1075 
1080 1076 1177 
1177 1076 1078 
1078 1077 1178 
1178 1077 1172 
1177 1078 1179 
1179 1078 1178 
1178 1172 1180 
1084 1079 1181 
1181 1079 1182 
1079 1081 1183 
1079 1183 1182 
1082 1080 1184 
1184 1080 1177 
1081 1083 1185 
1183 1081 1185 
1083 1082 1186 
1185 1083 1186 
1186 1082 1184 
1086 1084 1187 
1187 1084 1181 
1085 1087 1188 
1094 1085 1188 
1089 1086 1189 
1189 1086 1187 
1087 1088 1190 
1188 1087 1190 
1088 1089 1191 
1190 1088 1191 
1191 1089 1189 
1090 1093 1192 
1091 1090 1192 
1091 1192 1096 
1092 1094 1193 
1093 1092 1193 
1093 1193 1194 
1192 1093 1194 
1094 1188 1195 
1193 1094 1195 
1096 1192 1196 
1096 1196 1197 
1096 1197 1095 
1095 1197 1098 
1197 1198 1098 
1097 1098 1198 
1097 1198 1099 
1104 1101 1199 
1198 1200 1099 
1099 1200 1103 
1102 1201 1100 
1201 1199 1101 
1101 1100 1201 
1200 1202 1103 
1103 1202 1102 
1202 1201 1102 
1106 1104 1203 
1203 1104 1199 
1204 1106 1203 
1107 1105 1205 
1205 1105 1106 
1205 1106 1204 
1108 1107 1206 
1107 1205 1206 
1207 1109 1108 
1206 1207 1108 
1208 1110 1109 
1207 1208 1109 
1209 1111 1110 
1208 1209 1110 
1210 1112 1111 
1209 1210 1111 
1211 1113 1112 
1210 1211 1112 
1212 1114 1113 
1211 1212 1113 
1213 1115 1114 
1212 1213 1114 
1214 1116 1115 
1213 1214 1115 
1215 1117 1116 
1214 1215 1116 
1118 1216 1120 
1119 1217 1118 
1118 1217 1216 
1120 1216 1218 
1120 1218 1121 
1121 1218 1219 
1121 1219 1122 
1122 1219 1220 
1122 1220 1123 
1123 1220 1221 
1123 1221 1124 
1124 1221 1222 
1124 1222 1125 
1125 1222 1223 
1125 1223 1126 
1126 1223 1224 
1126 1224 1127 
1127 1224 1225 
1127 1225 1131 
1160 1129 1226 
1128 1130 1226 
1226 1129 1128 
1226 1130 1227 
1130 1134 1227 
1225 1228 1131 
1133 1131 1228 
1228 1229 1133 
1132 1133 1229 
1134 1132 1229 
1229 1230 1134 
1134 1230 1227 
1135 1139 1231 
1171 1135 1231 
1137 1136 1232 
1232 1136 1140 
1138 1137 1233 
1139 1138 1233 
1233 1137 1232 
1139 1233 1234 
1231 1139 1234 
1232 1140 1235 
1235 1140 1142 
1235 1142 1236 
1141 1153 1236 
1236 1142 1141 
1237 1148 1143 
1237 1143 1144 
1144 1146 1238 
1238 1237 1144 
1146 1145 1239 
1146 1239 1238 
1239 1145 1147 
1239 1147 1240 
1240 1147 1157 
1241 1149 1148 
1241 1148 1237 
1242 1150 1149 
1242 1149 1241 
1156 1151 1243 
1243 1151 1150 
1243 1150 1242 
1152 1155 1244 
1152 1244 1153 
1153 1244 1245 
1236 1153 1245 
1155 1154 1246 
1244 1155 1246 
1246 1154 1156 
1246 1156 1247 
1247 1156 1243 
1240 1157 1248 
1248 1157 1249 
1249 1157 1158 
1158 1159 1249 
1159 1160 1250 
1159 1250 1249 
1250 1160 1226 
1175 1161 1251 
1162 1251 1161 
1162 1163 1252 
1162 1252 1251 
1252 1163 1253 
1253 1163 1164 
1164 1165 1254 
1253 1164 1254 
1254 1165 1255 
1255 1165 1166 
1166 1170 1256 
1255 1166 1256 
1167 1169 1257 
1170 1168 1257 
1167 1257 1168 
1169 1171 1258 
1257 1169 1258 
1256 1170 1259 
1259 1170 1257 
1171 1231 1260 
1171 1260 1258 
1172 1174 1261 
1180 1172 1261 
1180 1261 1262 
1173 1176 1263 
1173 1263 1174 
1261 1174 1264 
1264 1174 1263 
1175 1251 1265 
1175 1265 1176 
1263 1176 1266 
1266 1176 1265 
1184 1177 1267 
1267 1177 1179 
1267 1179 1268 
1179 1178 1268 
1178 1180 1268 
1268 1180 1269 
1180 1262 1269 
1187 1181 1270 
1181 1182 1271 
1270 1181 1271 
1271 1182 1272 
1182 1183 1272 
1183 1185 1273 
1183 1273 1272 
1186 1184 1274 
1274 1184 1267 
1185 1186 1275 
1273 1185 1275 
1275 1186 1274 
1189 1187 1276 
1276 1187 1270 
1188 1190 1277 
1195 1188 1277 
1191 1189 1278 
1278 1189 1276 
1190 1191 1279 
1277 1190 1279 
1279 1191 1278 
1276 1270 1280 
1192 1194 1281 
1192 1281 1196 
1193 1195 1282 
1194 1193 1282 
1194 1282 1281 
1195 1277 1283 
1282 1195 1283 
1197 1196 1284 
1196 1281 1284 
1197 1284 1285 
1197 1285 1198 
1198 1285 1286 
1198 1286 1200 
1201 1287 1199 
1199 1287 1203 
1200 1286 1288 
1200 1288 1202 
1202 1288 1289 
1202 1289 1201 
1201 1289 1287 
1287 1290 1203 
1290 1204 1203 
1291 1205 1204 
1290 1291 1204 
1292 1206 1205 
1291 1292 1205 
1293 1207 1206 
1292 1293 1206 
1294 1208 1207 
1293 1294 1207 
1295 1209 1208 
1294 1295 1208 
1296 1210 1209 
1295 1296 1209 
1297 1211 1210 
1296 1297 1210 
1298 1212 1211 
1297 1298 1211 
1299 1213 1212 
1298 1299 1212 
1300 1214 1213 
1299 1300 1213 
1301 1215 1214 
1300 1301 1214 
1216 1302 1218 
1217 1303 1216 
1216 1303 1302 
1218 1302 1304 
1218 1304 1219 
1219 1304 1305 
1219 1305 1220 
1220 1305 1306 
1220 1306 1221 
1221 1306 1307 
1221 1307 1222 
1222 1307 1308 
1222 1308 1223 
1223 1308 1309 
1223 1309 1224 
1224 1309 1310 
1224 1310 1225 
1225 1310 1311 
1225 1311 1228 
1250 1226 1312 
1230 1312 1227 
1312 1226 1227 
1228 1311 1313 
1228 1313 1229 
1229 1313 1314 
1229 1314 1230 
1230 1314 1312 
1231 1234 1315 
1260 1231 1315 
1233 1232 1316 
1316 1232 1317 
1232 1235 1317 
1233 1316 1318 
1318 1234 1233 
1315 1234 1319 
1234 1318 1319 
1317 1235 1320 
1235 1236 1320 
1236 1245 1320 
1241 1237 1321 
1321 1237 1238 
1322 1321 1238 
1322 1238 1239 
1322 1239 1323 
1239 1240 1323 
1240 1248 1323 
1324 1242 1241 
1324 1241 1321 
1247 1243 1325 
1325 1243 1242 
1325 1242 1324 
1244 1246 1326 
1244 1326 1245 
1245 1326 1320 
1326 1246 1327 
1246 1247 1327 
1327 1247 1328 
1247 1325 1328 
1329 1323 1248 
1248 1249 1329 
1330 1329 1249 
1330 1249 1250 
1312 1330 1250 
1265 1251 1331 
1331 1251 1252 
1252 1253 1332 
1331 1252 1332 
1332 1253 1333 
1333 1253 1254 
1254 1255 1334 
1333 1254 1334 
1334 1255 1335 
1335 1255 1256 
1256 1259 1336 
1335 1256 1336 
1258 1260 1337 
1258 1337 1257 
1259 1257 1337 
1336 1259 1338 
1338 1259 1337 
1260 1315 1339 
1337 1260 1339 
1261 1264 1340 
1262 1261 1340 
1262 1340 1341 
1262 1341 1269 
1342 1269 1341 
1263 1266 1343 
1264 1263 1343 
1340 1264 1344 
1344 1264 1343 
1265 1331 1345 
1266 1265 1345 
1343 1266 1346 
1346 1266 1345 
1274 1267 1347 
1347 1267 1268 
1347 1268 1348 
1348 1268 1269 
1348 1269 1342 
1270 1271 1349 
1271 1272 1349 
1280 1270 1349 
1349 1272 1350 
1273 1350 1272 
1273 1275 1351 
1273 1351 1350 
1275 1274 1352 
1351 1275 1352 
1352 1274 1347 
1353 1348 1342 
1278 1276 1354 
1354 1276 1280 
1277 1279 1355 
1283 1277 1355 
1279 1278 1356 
1355 1279 1356 
1356 1278 1354 
1280 1349 1357 
1354 1280 1358 
1358 1280 1357 
1282 1283 1359 
1282 1359 1281 
1281 1359 1284 
1283 1355 1360 
1359 1283 1360 
1359 1361 1284 
1285 1284 1361 
1285 1361 1362 
1286 1285 1362 
1286 1362 1363 
1288 1286 1364 
1286 1363 1364 
1287 1289 1365 
1287 1365 1290 
1288 1364 1366 
1289 1288 1366 
1289 1366 1365 
1290 1365 1367 
1368 1291 1290 
1368 1290 1367 
1369 1292 1291 
1368 1369 1291 
1370 1293 1292 
1369 1370 1292 
1371 1294 1293 
1370 1371 1293 
1372 1295 1294 
1371 1372 1294 
1373 1296 1295 
1372 1373 1295 
1374 1297 1296 
1373 1374 1296 
1375 1298 1297 
1374 1375 1297 
1376 1299 1298 
1375 1376 1298 
1377 1300 1299 
1376 1377 1299 
1378 1301 1300 
1377 1378 1300 
1302 1379 1304 
1303 1380 1302 
1302 1380 1379 
1304 1379 1381 
1304 1381 1305 
1305 1381 1382 
1305 1382 1306 
1306 1382 1383 
1306 1383 1307 
1307 1383 1384 
1307 1384 1308 
1308 1384 1385 
1308 1385 1309 
1309 1385 1386 
1309 1386 1310 
1310 1386 1387 
1310 1387 1311 
1311 1387 1388 
1311 1388 1313 
1389 1330 1312 
1389 1312 1314 
1313 1388 1390 
1313 1390 1314 
1314 1390 1391 
1314 1391 1389 
1315 1319 1392 
1339 1315 1392 
1316 1317 1393 
1316 1393 1318 
1393 1317 1320 
1392 1319 1394 
1319 1318 1394 
1318 1393 1394 
1393 1320 1395 
1395 1320 1326 
1324 1321 1396 
1396 1321 1322 
1396 1322 1397 
1397 1322 1323 
1398 1397 1323 
1329 1398 1323 
1399 1398 1329 
1328 1325 1400 
1325 1324 1400 
1324 1396 1400 
1326 1327 1401 
1326 1401 1395 
1401 1327 1402 
1402 1327 1328 
1402 1328 1400 
1399 1329 1403 
1403 1329 1330 
1403 1330 1389 
1399 1403 1404 
1345 1331 1405 
1405 1331 1332 
1332 1333 1406 
1405 1332 1406 
1406 1333 1407 
1407 1333 1334 
1334 1335 1408 
1407 1334 1408 
1408 1335 1409 
1409 1335 1336 
1336 1338 1410 
1409 1336 1410 
1337 1339 1411 
1337 1411 1338 
1410 1338 1411 
1339 1392 1412 
1339 1412 1411 
1412 1392 1413 
1340 1344 1414 
1341 1340 1414 
1353 1342 1415 
1342 1341 1415 
1341 1414 1415 
1343 1346 1416 
1344 1343 1416 
1414 1344 1417 
1417 1344 1416 
1345 1405 1418 
1346 1345 1418 
1416 1346 1419 
1419 1346 1418 
1352 1347 1420 
1420 1347 1348 
1420 1348 1353 
1357 1349 1421 
1349 1350 1421 
1350 1351 1422 
1350 1422 1421 
1351 1352 1423 
1422 1351 1423 
1423 1352 1420 
1420 1353 1424 
1424 1353 1415 
1357 1421 1425 
1356 1354 1426 
1426 1354 1358 
1355 1356 1427 
1360 1355 1427 
1427 1356 1426 
1426 1358 1428 
1358 1357 1428 
1357 1425 1428 
1359 1360 1429 
1359 1429 1361 
1360 1427 1430 
1429 1360 1430 
1361 1429 1431 
1361 1431 1362 
1362 1431 1432 
1362 1432 1363 
1363 1432 1433 
1363 1433 1364 
1366 1364 1434 
1434 1364 1433 
1366 1434 1435 
1365 1366 1435 
1365 1435 1367 
1436 1368 1367 
1367 1435 1436 
1437 1369 1368 
1436 1437 1368 
1438 1370 1369 
1437 1438 1369 
1439 1371 1370 
1438 1439 1370 
1440 1372 1371 
1439 1440 1371 
1441 1373 1372 
1440 1441 1372 
1442 1374 1373 
1441 1442 1373 
1443 1375 1374 
1442 1443 1374 
1444 1376 1375 
1443 1444 1375 
1445 1377 1376 
1444 1445 1376 
1446 1378 1377 
1445 1446 1377 
1379 1447 1381 
1380 1448 1379 
1379 1448 1447 
1381 1447 1449 
1381 1449 1382 
1382 1449 1450 
1382 1450 1383 
1383 1450 1451 
1383 1451 1384 
1384 1451 1452 
1384 1452 1385 
1385 1452 1453 
1385 1453 1386 
1386 1453 1454 
1386 1454 1387 
1387 1454 1455 
1387 1455 1388 
1388 1455 1456 
1388 1456 1390 
1457 1403 1389 
1389 1391 1457 
1390 1456 1458 
1390 1458 1391 
1391 1458 1457 
1392 1394 1459 
1392 1459 1413 
1393 1395 1460 
1393 1460 1394 
1459 1394 1460 
1460 1395 1461 
1461 1395 1401 
1462 1400 1396 
1462 1396 1397 
1462 1397 1398 
1463 1462 1398 
1463 1398 1399 
1463 1399 1404 
1464 1402 1400 
1464 1400 1462 
1401 1402 1465 
1401 1465 1461 
1465 1402 1464 
1466 1404 1403 
1457 1466 1403 
1467 1463 1404 
1466 1467 1404 
1418 1405 1468 
1468 1405 1406 
1469 1409 1410 
1406 1407 1470 
1468 1406 1470 
1470 1407 1471 
1471 1407 1408 
1408 1409 1472 
1471 1408 1472 
1472 1409 1469 
1411 1412 1473 
1411 1473 1410 
1469 1410 1473 
1473 1412 1474 
1412 1413 1475 
1412 1475 1474 
1475 1413 1476 
1476 1413 1459 
1477 1469 1473 
1414 1417 1478 
1414 1478 1415 
1479 1424 1415 
1478 1479 1415 
1478 1417 1480 
1416 1419 1481 
1417 1416 1481 
1480 1417 1481 
1418 1468 1482 
1419 1418 1482 
1481 1419 1483 
1483 1419 1482 
1423 1420 1484 
1484 1420 1424 
1425 1421 1485 
1485 1421 1422 
1422 1423 1486 
1422 1486 1485 
1423 1484 1486 
1484 1424 1487 
1487 1424 1479 
1425 1485 1488 
1425 1488 1428 
1427 1426 1489 
1430 1427 1489 
1489 1426 1428 
1489 1428 1490 
1490 1428 1488 
1429 1430 1491 
1431 1429 1491 
1430 1489 1492 
1491 1430 1492 
1431 1491 1493 
1432 1431 1494 
1431 1493 1494 
1432 1494 1495 
1433 1432 1495 
1433 1495 1496 
1433 1496 1434 
1435 1434 1497 
1434 1496 1497 
1435 1497 1436 
1496 1498 1497 
1499 1437 1436 
1499 1436 1497 
1500 1438 1437 
1499 1500 1437 
1501 1439 1438 
1500 1501 1438 
1502 1440 1439 
1501 1502 1439 
1503 1441 1440 
1502 1503 1440 
1504 1442 1441 
1503 1504 1441 
1505 1443 1442 
1504 1505 1442 
1506 1444 1443 
1505 1506 1443 
1507 1445 1444 
1506 1507 1444 
1508 1446 1445 
1507 1508 1445 
1447 1509 1449 
1448 1510 1447 
1447 1510 1509 
1449 1509 1511 
1449 1511 1450 
1450 1511 1512 
1450 1512 1451 
1451 1512 1513 
1451 1513 1452 
1452 1513 1514 
1452 1514 1453 
1453 1514 1515 
1453 1515 1454 
1454 1515 1516 
1454 1516 1455 
1455 1516 1517 
1455 1517 1456 
1456 1517 1518 
1456 1518 1458 
1519 1466 1457 
1519 1457 1458 
1458 1518 1520 
1458 1520 1519 
1460 1461 1521 
1459 1460 1521 
1459 1521 1476 
1521 1461 1522 
1522 1461 1465 
1523 1464 1462 
1523 1462 1463 
1523 1463 1467 
1465 1464 1524 
1465 1524 1522 
1524 1464 1523 
1525 1467 1466 
1525 1466 1519 
1526 1523 1467 
1526 1467 1525 
1482 1468 1527 
1527 1468 1470 
1472 1469 1528 
1528 1469 1477 
1470 1471 1529 
1527 1470 1529 
1529 1471 1530 
1530 1471 1472 
1530 1472 1528 
1473 1474 1531 
1473 1531 1477 
1474 1475 1532 
1531 1474 1532 
1475 1476 1533 
1533 1476 1521 
1475 1533 1532 
1528 1477 1534 
1534 1477 1531 
1478 1480 1535 
1478 1535 1479 
1487 1479 1536 
1536 1479 1535 
1535 1480 1537 
1481 1483 1538 
1480 1481 1538 
1537 1480 1538 
1482 1527 1539 
1538 1483 1539 
1482 1539 1483 
1486 1484 1540 
1540 1484 1487 
1488 1485 1541 
1485 1486 1541 
1486 1540 1541 
1540 1487 1542 
1542 1487 1536 
1490 1488 1543 
1488 1541 1543 
1492 1489 1544 
1489 1490 1544 
1544 1490 1543 
1491 1492 1545 
1493 1491 1545 
1492 1544 1546 
1545 1492 1546 
1493 1545 1547 
1495 1494 1548 
1494 1493 1548 
1493 1547 1548 
1495 1548 1549 
1495 1549 1496 
1496 1549 1550 
1496 1550 1498 
1551 1499 1497 
1551 1497 1498 
1498 1550 1551 
1552 1500 1499 
1551 1552 1499 
1553 1501 1500 
1552 1553 1500 
1554 1502 1501 
1553 1554 1501 
1555 1503 1502 
1554 1555 1502 
1556 1504 1503 
1555 1556 1503 
1557 1505 1504 
1556 1557 1504 
1558 1506 1505 
1557 1558 1505 
1559 1507 1506 
1558 1559 1506 
1560 1508 1507 
1559 1560 1507 
1509 1561 1511 
1510 1562 1509 
1509 1562 1561 
1511 1561 1563 
1511 1563 1512 
1512 1563 1564 
1512 1564 1513 
1513 1564 1565 
1513 1565 1514 
1514 1565 1566 
1514 1566 1515 
1515 1566 1567 
1515 1567 1516 
1516 1567 1568 
1516 1568 1517 
1517 1568 1569 
1517 1569 1518 
1518 1569 1570 
1518 1570 1520 
1520 1570 1571 
1525 1519 1571 
1519 1520 1571 
1521 1522 1572 
1521 1572 1533 
1572 1522 1573 
1573 1522 1524 
1524 1523 1574 
1524 1574 1573 
1574 1523 1526 
1575 1526 1525 
1575 1525 1571 
1574 1526 1576 
1576 1526 1575 
1539 1527 1577 
1577 1527 1529 
1578 1530 1528 
1528 1534 1578 
1529 1530 1579 
1577 1529 1579 
1579 1530 1578 
1531 1532 1580 
1531 1580 1534 
1580 1532 1581 
1532 1533 1581 
1533 1572 1582 
1533 1582 1581 
1583 1578 1534 
1583 1534 1580 
1536 1535 1584 
1535 1537 1584 
1542 1536 1585 
1585 1536 1584 
1584 1537 1586 
1538 1539 1587 
1537 1538 1587 
1537 1587 1586 
1539 1577 1588 
1587 1539 1588 
1540 1542 1589 
1541 1540 1589 
1543 1541 1590 
1590 1541 1589 
1589 1542 1591 
1591 1542 1585 
1546 1544 1592 
1592 1544 1543 
1592 1543 1590 
1545 1546 1593 
1547 1545 1593 
1546 1592 1594 
1593 1546 1594 
1547 1593 1595 
1547 1595 1548 
1549 1548 1596 
1596 1548 1595 
1549 1596 1597 
1550 1549 1597 
1598 1551 1550 
1550 1597 1598 
1599 1552 1551 
1598 1599 1551 
1600 1553 1552 
1599 1600 1552 
1601 1554 1553 
1600 1601 1553 
1602 1555 1554 
1601 1602 1554 
1603 1556 1555 
1602 1603 1555 
1604 1557 1556 
1603 1604 1556 
1605 1558 1557 
1604 1605 1557 
1606 1559 1558 
1605 1606 1558 
1607 1560 1559 
1606 1607 1559 
1561 1608 1563 
1562 1609 1561 
1561 1609 1608 
1563 1608 1610 
1563 1610 1564 
1564 1610 1611 
1564 1611 1565 
1565 1611 1612 
1565 1612 1566 
1566 1612 1613 
1566 1613 1567 
1567 1613 1614 
1567 1614 1568 
1568 1614 1615 
1568 1615 1569 
1569 1615 1616 
1569 1616 1570 
1570 1616 1617 
1570 1617 1571 
1575 1571 1617 
1572 1573 1618 
1572 1618 1582 
1618 1573 1619 
1619 1573 1574 
1574 1576 1619 
1576 1575 1620 
1617 1620 1575 
1576 1620 1621 
1621 1619 1576 
1588 1577 1622 
1622 1577 1579 
1579 1578 1623 
1622 1579 1623 
1623 1578 1583 
1580 1581 1624 
1580 1624 1583 
1624 1581 1582 
1582 1618 1625 
1582 1625 1624 
1626 1583 1624 
1623 1583 1627 
1627 1583 1626 
1591 1585 1628 
1585 1584 1629 
1628 1585 1629 
1629 1584 1586 
1629 1586 1630 
1587 1630 1586 
1587 1588 1631 
1588 1622 1631 
1587 1631 1630 
1589 1591 1632 
1590 1589 1632 
1592 1590 1633 
1590 1632 1633 
1632 1591 1634 
1591 1628 1634 
1594 1592 1635 
1635 1592 1633 
1593 1594 1636 
1594 1635 1636 
1595 1593 1636 
1595 1636 1637 
1596 1595 1637 
1597 1596 1638 
1596 1637 1638 
1639 1598 1597 
1638 1639 1597 
1640 1599 1598 
1639 1640 1598 
1641 1600 1599 
1640 1641 1599 
1642 1601 1600 
1641 1642 1600 
1643 1602 1601 
1642 1643 1601 
1644 1603 1602 
1643 1644 1602 
1645 1604 1603 
1644 1645 1603 
1646 1605 1604 
1645 1646 1604 
1647 1606 1605 
1646 1647 1605 
1648 1607 1606 
1647 1648 1606 
1608 1649 1610 
1609 1650 1608 
1608 1650 1649 
1610 1649 1651 
1610 1651 1611 
1611 1651 1652 
1611 1652 1612 
1612 1652 1653 
1612 1653 1613 
1613 1653 1654 
1613 1654 1614 
1614 1654 1655 
1614 1655 1615 
1615 1655 1656 
1615 1656 1616 
1616 1656 1657 
1616 1657 1617 
1617 1657 1658 
1617 1658 1620 
1618 1619 1659 
1618 1659 1625 
1659 1619 1621 
1659 1621 1660 
1658 1660 1620 
1660 1621 1620 
1625 1659 1661 
1631 1622 1662 
1622 1623 1662 
1623 1627 1662 
1626 1624 1663 
1624 1625 1663 
1625 1661 1664 
1625 1664 1663 
1627 1626 1665 
1665 1626 1663 
1662 1627 1666 
1627 1665 1666 
1634 1628 1667 
1628 1629 1667 
1629 1630 1668 
1667 1629 1668 
1630 1631 1669 
1630 1669 1668 
1669 1631 1662 
1635 1633 1670 
1632 1634 1670 
1670 1633 1632 
1670 1634 1671 
1634 1667 1671 
1635 1670 1672 
1636 1635 1673 
1673 1635 1672 
1637 1636 1674 
1636 1673 1674 
1637 1674 1675 
1675 1638 1637 
1676 1639 1638 
1675 1676 1638 
1677 1640 1639 
1676 1677 1639 
1678 1641 1640 
1677 1678 1640 
1679 1642 1641 
1678 1679 1641 
1680 1643 1642 
1679 1680 1642 
1681 1644 1643 
1680 1681 1643 
1682 1645 1644 
1681 1682 1644 
1683 1646 1645 
1682 1683 1645 
1684 1647 1646 
1683 1684 1646 
1685 1648 1647 
1684 1685 1647 
1649 1686 1651 
1650 1687 1649 
1649 1687 1686 
1651 1686 1688 
1651 1688 1652 
1652 1688 1689 
1652 1689 1653 
1653 1689 1690 
1653 1690 1654 
1654 1690 1691 
1654 1691 1655 
1655 1691 1692 
1655 1692 1656 
1656 1692 1693 
1656 1693 1657 
1657 1693 1694 
1657 1694 1658 
1658 1694 1695 
1658 1695 1660 
1660 1695 1696 
1659 1660 1696 
1696 1661 1659 
1696 1697 1661 
1664 1661 1697 
1669 1662 1698 
1698 1662 1666 
1665 1663 1699 
1699 1663 1664 
1664 1697 1699 
1698 1666 1700 
1700 1666 1665 
1665 1699 1700 
1671 1667 1701 
1667 1668 1701 
1668 1669 1702 
1668 1702 1701 
1669 1698 1703 
1702 1669 1703 
1704 1671 1701 
1672 1670 1705 
1705 1670 1671 
1705 1671 1704 
1673 1672 1706 
1706 1672 1705 
1674 1673 1706 
1707 1675 1674 
1706 1707 1674 
1708 1676 1675 
1707 1708 1675 
1709 1677 1676 
1708 1709 1676 
1710 1678 1677 
1709 1710 1677 
1711 1679 1678 
1710 1711 1678 
1712 1680 1679 
1711 1712 1679 
1713 1681 1680 
1712 1713 1680 
1714 1682 1681 
1713 1714 1681 
1715 1683 1682 
1714 1715 1682 
1716 1684 1683 
1715 1716 1683 
1717 1685 1684 
1716 1717 1684 
1686 1718 1688 
1687 1719 1686 
1686 1719 1718 
1688 1718 1720 
1688 1720 1689 
1689 1720 1721 
1689 1721 1690 
1690 1721 1722 
1690 1722 1691 
1691 1722 1723 
1691 1723 1692 
1692 1723 1724 
1692 1724 1693 
1693 1724 1725 
1693 1725 1694 
1694 1725 1726 
1694 1726 1695 
1695 1726 1727 
1695 1727 1696 
1696 1727 1728 
1696 1728 1697 
1728 1729 1697 
1697 1729 1699 
1703 1698 1730 
1730 1698 1700 
1729 1731 1699 
1730 1700 1731 
1731 1700 1699 
1704 1701 1732 
1702 1703 1732 
1703 1730 1732 
1732 1701 1702 
1704 1732 1733 
1734 1706 1705 
1705 1704 1734 
1733 1734 1704 
1735 1707 1706 
1734 1735 1706 
1736 1708 1707 
1735 1736 1707 
1737 1709 1708 
1736 1737 1708 
1738 1710 1709 
1737 1738 1709 
1739 1711 1710 
1738 1739 1710 
1740 1712 1711 
1739 1740 1711 
1741 1713 1712 
1740 1741 1712 
1742 1714 1713 
1741 1742 1713 
1743 1715 1714 
1742 1743 1714 
1744 1716 1715 
1743 1744 1715 
1745 1717 1716 
1744 1745 1716 
1718 1746 1720 
1719 1747 1718 
1718 1747 1746 
1720 1746 1748 
1720 1748 1721 
1721 1748 1749 
1721 1749 1722 
1722 1749 1750 
1722 1750 1723 
1723 1750 1751 
1723 1751 1724 
1724 1751 1752 
1724 1752 1725 
1725 1752 1753 
1725 1753 1726 
1726 1753 1754 
1726 1754 1727 
1727 1754 1755 
1727 1755 1728 
1728 1755 1756 
1728 1756 1729 
1729 1756 1757 
1729 1757 1731 
1757 1758 1731 
1731 1758 1730 
1732 1730 1758 
1759 1733 1732 
1759 1732 1758 
1760 1734 1733 
1759 1760 1733 
1761 1735 1734 
1760 1761 1734 
1762 1736 1735 
1761 1762 1735 
1763 1737 1736 
1762 1763 1736 
1764 1738 1737 
1763 1764 1737 
1765 1739 1738 
1764 1765 1738 
1766 1740 1739 
1765 1766 1739 
1767 1741 1740 
1766 1767 1740 
1768 1742 1741 
1767 1768 1741 
1769 1743 1742 
1768 1769 1742 
1770 1744 1743 
1769 1770 1743 
1771 1745 1744 
1770 1771 1744 
1746 1772 1748 
1747 1773 1746 
1746 1773 1772 
1748 1772 1774 
1748 1774 1749 
1749 1774 1775 
1749 1775 1750 
1750 1775 1776 
1750 1776 1751 
1751 1776 1777 
1751 1777 1752 
1752 1777 1778 
1752 1778 1753 
1753 1778 1779 
1753 1779 1754 
1754 1779 1780 
1754 1780 1755 
1755 1780 1781 
1755 1781 1756 
1756 1781 1782 
1756 1782 1757 
1782 1783 1757 
1757 1783 1758 
1784 1760 1759 
1758 1783 1784 
1784 1759 1758 
1785 1761 1760 
1784 1785 1760 
1786 1762 1761 
1785 1786 1761 
1787 1763 1762 
1786 1787 1762 
1788 1764 1763 
1787 1788 1763 
1789 1765 1764 
1788 1789 1764 
1790 1766 1765 
1789 1790 1765 
1791 1767 1766 
1790 1791 1766 
1792 1768 1767 
1791 1792 1767 
1793 1769 1768 
1792 1793 1768 
1794 1770 1769 
1793 1794 1769 
1795 1771 1770 
1794 1795 1770 
1772 1796 1774 
1773 1797 1772 
1772 1797 1796 
1774 1796 1798 
1774 1798 1775 
1775 1798 1799 
1775 1799 1776 
1776 1799 1800 
1776 1800 1777 
1777 1800 1801 
1777 1801 1778 
1778 1801 1802 
1778 1802 1779 
1779 1802 1803 
1779 1803 1780 
1780 1803 1804 
1780 1804 1781 
1781 1804 1805 
1781 1805 1782 
1782 1805 1806 
1782 1806 1783 
1783 1806 1807 
1783 1807 1784 
1808 1785 1784 
1808 1784 1807 
1809 1786 1785 
1808 1809 1785 
1810 1787 1786 
1809 1810 1786 
1811 1788 1787 
1810 1811 1787 
1812 1789 1788 
1811 1812 1788 
1813 1790 1789 
1812 1813 1789 
1814 1791 1790 
1813 1814 1790 
1815 1792 1791 
1814 1815 1791 
1816 1793 1792 
1815 1816 1792 
1817 1794 1793 
1816 1817 1793 
1818 1795 1794 
1817 1818 1794 
1796 1819 1798 
1797 1820 1796 
1796 1820 1819 
1798 1819 1821 
1798 1821 1799 
1799 1821 1822 
1799 1822 1800 
1800 1822 1823 
1800 1823 1801 
1801 1823 1824 
1801 1824 1802 
1802 1824 1825 
1802 1825 1803 
1803 1825 1826 
1803 1826 1804 
1804 1826 1827 
1804 1827 1805 
1805 1827 1828 
1805 1828 1806 
1806 1828 1829 
1806 1829 1807 
1807 1829 1808 
1830 1809 1808 
1830 1808 1829 
1831 1810 1809 
1830 1831 1809 
1832 1811 1810 
1831 1832 1810 
1833 1812 1811 
1832 1833 1811 
1834 1813 1812 
1833 1834 1812 
1835 1814 1813 
1834 1835 1813 
1836 1815 1814 
1835 1836 1814 
1837 1816 1815 
1836 1837 1815 
1838 1817 1816 
1837 1838 1816 
1839 1818 1817 
1838 1839 1817 
1819 1840 1821 
1820 1841 1819 
1819 1841 1840 
1821 1840 1842 
1821 1842 1822 
1822 1842 1843 
1822 1843 1823 
1823 1843 1844 
1823 1844 1824 
1824 1844 1845 
1824 1845 1825 
1845 1846 1825 
1825 1846 1826 
1826 1846 1847 
1826 1847 1827 
1827 1847 1848 
1827 1848 1828 
1828 1848 1849 
1828 1849 1829 
1850 1830 1829 
1829 1849 1850 
1851 1831 1830 
1850 1851 1830 
1852 1832 1831 
1851 1852 1831 
1853 1833 1832 
1852 1853 1832 
1854 1834 1833 
1853 1854 1833 
1855 1835 1834 
1854 1855 1834 
1856 1836 1835 
1855 1856 1835 
1857 1837 1836 
1856 1857 1836 
1858 1838 1837 
1857 1858 1837 
1859 1839 1838 
1858 1859 1838 
1840 1860 1842 
1841 1861 1840 
1840 1861 1860 
1842 1860 1862 
1842 1862 1843 
1843 1862 1863 
1843 1863 1844 
1844 1863 1864 
1844 1864 1845 
1845 1864 1865 
1845 1865 1846 
1846 1865 1866 
1846 1866 1847 
1847 1866 1867 
1847 1867 1848 
1848 1867 1868 
1848 1868 1849 
1869 1851 1850 
1849 1868 1869 
1869 1850 1849 
1870 1852 1851 
1869 1870 1851 
1871 1853 1852 
1870 1871 1852 
1872 1854 1853 
1871 1872 1853 
1873 1855 1854 
1872 1873 1854 
1874 1856 1855 
1873 1874 1855 
1875 1857 1856 
1874 1875 1856 
1876 1858 1857 
1875 1876 1857 
1877 1859 1858 
1876 1877 1858 
1860 1878 1862 
1861 1879 1860 
1860 1879 1878 
1862 1878 1880 
1862 1880 1863 
1863 1880 1881 
1863 1881 1864 
1864 1881 1882 
1864 1882 1865 
1865 1882 1883 
1865 1883 1866 
1866 1883 1884 
1866 1884 1867 
1867 1884 1885 
1867 1885 1868 
1868 1885 1886 
1868 1886 1869 
1887 1870 1869 
1887 1869 1886 
1888 1871 1870 
1887 1888 1870 
1889 1872 1871 
1888 1889 1871 
1890 1873 1872 
1889 1890 1872 
1891 1874 1873 
1890 1891 1873 
1892 1875 1874 
1891 1892 1874 
1893 1876 1875 
1892 1893 1875 
1894 1877 1876 
1893 1894 1876 
1878 1895 1880 
1879 1896 1878 
1878 1896 1895 
1880 1895 1897 
1880 1897 1881 
1881 1897 1898 
1881 1898 1882 
1882 1898 1899 
1882 1899 1883 
1899 1900 1883 
1883 1900 1884 
1884 1900 1901 
1884 1901 1885 
1885 1901 1902 
1885 1902 1886 
1886 1902 1887 
1903 1888 1887 
1903 1887 1902 
1904 1889 1888 
1903 1904 1888 
1905 1890 1889 
1904 1905 1889 
1906 1891 1890 
1905 1906 1890 
1907 1892 1891 
1906 1907 1891 
1908 1893 1892 
1907 1908 1892 
1909 1894 1893 
1908 1909 1893 
1895 1910 1897 
1896 1911 1895 
1895 1911 1910 
1897 1910 1912 
1897 1912 1898 
1898 1912 1913 
1898 1913 1899 
1899 1913 1914 
1899 1914 1900 
1900 1914 1915 
1900 1915 1901 
1901 1915 1916 
1901 1916 1902 
1917 1903 1902 
1902 1916 1917 
1918 1904 1903 
1917 1918 1903 
1919 1905 1904 
1918 1919 1904 
1920 1906 1905 
1919 1920 1905 
1921 1907 1906 
1920 1921 1906 
1922 1908 1907 
1921 1922 1907 
1923 1909 1908 
1922 1923 1908 
1910 1924 1912 
1911 1925 1910 
1910 1925 1924 
1912 1924 1926 
1912 1926 1913 
1913 1926 1927 
1913 1927 1914 
1914 1927 1928 
1914 1928 1915 
1915 1928 1929 
1915 1929 1916 
1930 1918 1917 
1916 1929 1930 
1930 1917 1916 
1931 1919 1918 
1930 1931 1918 
1932 1920 1919 
1931 1932 1919 
1933 1921 1920 
1932 1933 1920 
1934 1922 1921 
1933 1934 1921 
1935 1923 1922 
1934 1935 1922 
1924 1936 1926 
1925 1937 1924 
1924 1937 1936 
1926 1936 1938 
1926 1938 1927 
1927 1938 1939 
1927 1939 1928 
1939 1940 1928 
1928 1940 1929 
1941 1931 1930 
1929 1940 1941 
1941 1930 1929 
1942 1932 1931 
1941 1942 1931 
1943 1933 1932 
1942 1943 1932 
1944 1934 1933 
1943 1944 1933 
1945 1935 1934 
1944 1945 1934 
1936 1946 1938 
1937 1947 1936 
1936 1947 1946 
1938 1946 1948 
1938 1948 1939 
1939 1948 1949 
1939 1949 1940 
1940 1949 1950 
1940 1950 1941 
1951 1942 1941 
1951 1941 1950 
1952 1943 1942 
1951 1952 1942 
1953 1944 1943 
1952 1953 1943 
1954 1945 1944 
1953 1954 1944 
1946 1955 1948 
1947 1956 1946 
1946 1956 1955 
1948 1955 1957 
1948 1957 1949 
1949 1957 1958 
1949 1958 1950 
1950 1958 1951 
1959 1952 1951 
1959 1951 1958 
1960 1953 1952 
1959 1960 1952 
1961 1954 1953 
1960 1961 1953 
1955 1962 1957 
1956 1963 1955 
1955 1963 1962 
1957 1962 1964 
1957 1964 1958 
1965 1959 1958 
1958 1964 1965 
1966 1960 1959 
1965 1966 1959 
1967 1961 1960 
1966 1967 1960 
1962 1968 1964 
1963 1969 1962 
1962 1969 1968 
1970 1966 1965 
1964 1968 1970 
1970 1965 1964 
1971 1967 1966 
1970 1971 1966 
1968 1972 1970 
1969 1973 1968 
1968 1973 1972 
1974 1971 1970 
1974 1970 1972 
1973 1975 1972 
1975 1974 1972 
