-0.059999999999999998 -0.059999999999999998 
-0.059999999999999998 -0.056000000000000022 
-0.057397566830169153 -0.057279098817136456 
-0.055999999999999231 -0.059999999999999998 
-0.060000000000000005 -0.052000000000000053 
-0.057068488647103705 -0.053918238836285035 
-0.053919345503742867 -0.056477255249397153 
-0.051999999999999255 -0.059999999999999998 
-0.059999999999999998 -0.04800000000000007 
-0.056894194442509094 -0.050025959951789649 
-0.053891365905910066 -0.052100239366104799 
-0.05103939267797674 -0.053890183051482514 
-0.049793209301349811 -0.056813608661378912 
-0.047999999999999279 -0.059999999999999998 
-0.056810988561269295 -0.04603722772120189 
-0.059999999999999998 -0.044000000000000095 
-0.053594323540771475 -0.048100053787146047 
-0.049993291760832351 -0.050186532102264585 
-0.047731534324171543 -0.053569487397017203 
-0.045900877122915441 -0.056775923843737398 
-0.043999999999999304 -0.059999999999999998 
-0.053607614490006478 -0.044067999402700515 
-0.056797262252061977 -0.042033076796124315 
-0.059999999999999998 -0.040000000000000119 
-0.050430217976089285 -0.046120647131666012 
-0.039999999999999342 -0.059999999999999998 
-0.047469974500265869 -0.047354282049356898 
-0.045796233711225313 -0.050170830985100077 
-0.04388136713448005 -0.053501313539643686 
-0.041944960615624229 -0.056750230521248092 
-0.050426726219852953 -0.042058943260899546 
-0.059999999999999998 -0.036000000000000143 
-0.05358751274755065 -0.040056994881786545 
-0.05678730514362243 -0.038029081998021574 
-0.047257581588657727 -0.043997391628426141 
-0.035999999999999366 -0.059999999999999998 
-0.037963565676435281 -0.056746331347155378 
-0.043872547464524667 -0.046296008399327675 
-0.041849543755583411 -0.050109558808214022 
-0.039910925925050897 -0.053472806279031365 
-0.047271562739972524 -0.040063188827287988 
-0.050405867776841078 -0.038047437693530091 
-0.059999999999999998 -0.032000000000000167 
-0.056781178248787499 -0.034020841751358222 
-0.053566226254635828 -0.03604955383338148 
-0.044120091815822646 -0.042100576352784469 
-0.03199999999999939 -0.059999999999999998 
-0.033976399611978056 -0.056753024314964672 
-0.041011477881424604 -0.04327547972679982 
-0.035928834626136476 -0.053495705343639059 
-0.0396408994291544 -0.046877418993495228 
-0.037844091474016135 -0.050213823261391038 
-0.044073543870828173 -0.037993143906253433 
-0.059999999999999998 -0.028000000000000191 
-0.047215162810907908 -0.036018743307448954 
-0.050374086875287515 -0.034032524621267518 
-0.056775422058241744 -0.030013137109811263 
-0.05356218414659944 -0.032028786747330056 
-0.027999999999999418 -0.059999999999999998 
-0.040825775959132782 -0.039491851093895497 
-0.029988035306618709 -0.05675843131769167 
-0.031959654299675282 -0.05351445446638952 
-0.038408654016331617 -0.041121068254783968 
-0.03732392595496116 -0.043858789657813639 
-0.033911177837026803 -0.050272719274439603 
-0.035779745862245763 -0.047041864566787682 
-0.059999999999999998 -0.024000000000000219 
-0.040804830810451907 -0.035828018258881898 
-0.044001505612871541 -0.033961595050654797 
-0.056770015992850177 -0.026007869205878387 
-0.04716774244195987 -0.032010635099498128 
-0.050345719220388996 -0.030025940784416585 
-0.053548696062034967 -0.028019966664802994 
-0.023999999999999449 -0.059999999999999998 
-0.025995115527996913 -0.056760734858744798 
-0.037366577569709972 -0.037654061501783326 
-0.027982669525290813 -0.053521205040216492 
-0.029966224760774804 -0.050285437743338018 
-0.03530910467005665 -0.040816099771170337 
-0.03363982541243301 -0.043888041730509371 
-0.031919490874242264 -0.047072837076101048 
-0.037728595197803999 -0.033707656773962848 
-0.059999999999999998 -0.02000000000000025 
-0.05676647933112474 -0.022004219418665025 
-0.040823080903239724 -0.031884785052209451 
-0.043962804568934068 -0.029982128450017909 
-0.053538517882354565 -0.024013121388791792 
-0.0471296391657045 -0.02801920665354515 
-0.050322906057190669 -0.02602294957723739 
-0.0061833692294263366 -0.0025444205137157756 
-0.019999999999999477 -0.059999999999999998 
-0.021998281900231762 -0.056761994230055679 
-0.023993698740601897 -0.053523686802288695 
-0.034965717981804478 -0.034900535681133951 
-0.033386929664858407 -0.037489960072985204 
-0.025982948139286713 -0.050287371605721366 
-0.027973959437341229 -0.047052962445987861 
-0.031658507041125154 -0.040683810666878241 
-0.02984817807196706 -0.043854848644305298 
-0.0069360648223971604 -0.002042623451735226 
-0.0070366528353599089 -0.0029964815422030312 
-0.034718274400076812 -0.031777340967315035 
-0.03767705998342618 -0.029862448751276516 
-0.059999999999999998 -0.016000000000000278 
-0.056763993948644322 -0.018002169477098425 
-0.053532375259132799 -0.020007568201752545 
-0.04077207912871917 -0.027956203898704235 
-0.043919394316691895 -0.026010050605243338 
-0.050308207420886125 -0.022017570266258609 
-0.047100473408127223 -0.024024728174994833 
-0.0073062597170212695 -0.0040997897821083958 
-0.0062060370029916496 -0.0037032771375290485 
-0.005179094529820974 -0.0032139369801193504 
-0.003982376851216286 -0.0040117487658558092 
-0.0027440086335289073 -0.004837327577647395 
-0.015999999999999501 -0.059999999999999998 
-0.017999468250621594 -0.056763436364095976 
-0.019997582742903329 -0.053526732433996138 
-0.021990982802183572 -0.05029113528859433 
-0.031624096713995145 -0.033873047157797889 
-0.029658845120786041 -0.037380906176100785 
-0.023984390902447236 -0.047053437181030187 
-0.025945129785254525 -0.043828826979508753 
-0.027818398076184272 -0.040624013909285432 
-0.0075038491169864691 -0.0016641005886756878 
-0.0076549134336982355 -0.002444353597351664 
-0.0079637769280534697 -0.003325459634435562 
-0.008078008916628911 -0.0020040710666599472 
-0.059999999999999998 -0.012000000000000302 
-0.031419439924084566 -0.02978417125325436 
-0.034451625106256503 -0.027896163011343719 
-0.037577452619437124 -0.025941987045319942 
-0.056762349943833501 -0.014001006559612872 
-0.053528295546250805 -0.016004369491325981 
-0.050299994925237158 -0.018011564975953884 
-0.040716266871909663 -0.0239990609214915 
-0.043884765204821478 -0.02202545785358577 
-0.047082275366658551 -0.020022648529006214 
-0.0084566608207906086 -0.004326922434096621 
-0.011999999999999528 -0.059999999999999998 
-0.0077960367377009187 -0.0053634352411928658 
-0.0064619141294077476 -0.0050461750281679246 
-0.005193418655196457 -0.0045643383667122303 
-0.0041213654185470591 -0.0054854012013243738 
-0.0015055974273406694 -0.0056629350484395536 
-0.0029342990376207048 -0.0063380782745166174 
-0.00026718622115243099 -0.0064885425192317122 
0.00097118308889960732 -0.0073141220592664044 
0.0021684641639410154 -0.0081123094426273426 
-0.014000386947744609 -0.056764954248898346 
-0.015999389419285855 -0.053530795510335134 
-0.028778556171165679 -0.031402725611089505 
-0.01799528483525064 -0.05029724357268963 
-0.019987911359014923 -0.047061921351197487 
-0.027669241378688144 -0.034207924759647096 
-0.025794845843186257 -0.037406797328605176 
-0.021978786700199798 -0.043824386666211544 
-0.023902770407208524 -0.040610285675110443 
0.003173859351275299 -0.0087825729008501989 
0.0039275876212156125 -0.0092850584141437407 
0.0044961508830135303 -0.0096641005886756864 
-0.0079999999999995595 -0.059999999999999998 
-0.0039999999999995872 -0.059999999999999998 
-0.0079296285558359061 -0.0012818825552951515 
-0.0089216129778844598 -0.0034437572313113212 
-0.0084199335193647813 -0.0026646475709708527 
-0.0086632663495649145 -0.0021501318933286016 
-0.008490257903649049 -0.0016514372483785568 
-0.0085187522352605898 -0.0012168582902362356 
-0.059999999999999998 -0.0080000000000003298 
-0.056761579174074206 -0.010000422373518763 
-0.027814180203331644 -0.027870110185563277 
-0.025122029369406988 -0.025129753934802532 
-0.031129906949681617 -0.025885640586416743 
-0.0343465288595673 -0.023933626512875089 
-0.037518293104488697 -0.021983204287666192 
-0.053525757757379368 -0.012002708493662327 
-0.050295077862858084 -0.014007860672727544 
-0.047072774616448688 -0.01601770528227724 
-0.040679708567163686 -0.020022561886229206 
-0.043865076120056051 -0.018028381767797523 
-0.0095830411124837363 -0.0043141317855414996 
-0.0091743224227935939 -0.0054209902936651093 
-0.059999999999999998 -0.0040000000000003609 
-0.01000159614367614 -0.056765926949225942 
-0.0086433336828667818 -0.0068265035610736253 
-0.0070200728010777202 -0.0065999012573666254 
-0.0055147482629792528 -0.0061008604427570112 
-0.004359696764428816 -0.0070599237059684418 
-0.0017108294500077538 -0.0071531550056352124 
-0.0031642965318710217 -0.0078297271080847303 
-0.00046442483535759013 -0.0079240691911564853 
0.0021182318340957794 -0.009246488253376442 
0.00084742295248585659 -0.0086439532326252379 
-0.021319985753205668 -0.021426580752992717 
-0.012001696389163515 -0.053534123508104575 
-0.013999310413520679 -0.050303573660807899 
-0.025616767532046381 -0.03110851379451865 
-0.023741261052289502 -0.02791251628459054 
-0.021881863794589888 -0.024514794317546142 
-0.015992721411412794 -0.047071497970686445 
-0.017982249987305167 -0.043834490901948506 
-0.023826318266417817 -0.034233680426060772 
-0.021893501809832773 -0.037383973025426523 
-0.019964757337603809 -0.040596074605799642 
0.0032035580663615209 -0.0095510393085942343 
0.0037986297757511118 -0.0097787562598381835 
0.0040652911988636794 -0.010111725981171802 
0.004486497376887613 -0.010162280238440576 
0.0050259829780869552 -0.009914184052978052 
0.0072522754277017966 -0.01 
0.0067881421069584565 -0.010000000000000002 
0.0062144441007004805 -0.01 
0.0056055512754639913 -0.01 
-0.0060027295213102424 -0.056766078378313524 
3.8857805861880479e-016 -0.059999999999999998 
0.0040000000000003609 -0.059999999999999998 
-0.0020032502152535717 -0.05676563023860004 
0.0076151896556347163 -0.01 
0.0074240752640666909 -0.010321965819578704 
0.0079193751525134283 -0.01 
-0.0082226809944171645 -0.00081090490648731857 
-0.0099123329122298449 -0.0034424487646945844 
-0.0092380225103587017 -0.0026201120027380172 
-0.0091759361513976557 -0.0018717023661208075 
-0.0090737621078183939 -0.00134006625036962 
-0.0088789697672174012 -0.0009310615759194011 
-0.0087631275912388902 -0.00054009352495825488 
-0.056761357199673734 -0.0060002380203674835 
-0.053524508580116072 -0.0080018709128136176 
-0.027950585359277941 -0.023684132456876551 
-0.024485172505956807 -0.021585199929920026 
-0.022202863029841941 -0.018760222311038133 
-0.031157029480367488 -0.021857851133470298 
-0.034335652751299545 -0.019952788556022293 
-0.037491215159966833 -0.018014124130674634 
-0.050292047105244764 -0.010006138429134481 
-0.047067330476323554 -0.012014392209831812 
-0.043855108699899482 -0.01402707919782001 
-0.04066209194994215 -0.016034012562998502 
-0.01049288802930386 -0.0041414900603370707 
-0.010481473272965242 -0.0050621770518366038 
-0.010399352827581088 -0.0066408248567793697 
-0.010984047677477857 -0.0034725236333897746 
-0.059999999999999998 -3.8857805861880479e-016 
-0.056761295779473364 -0.0020001591971790102 
-0.059999999999999998 0.0039999999999995872 
-0.00800438771140226 -0.05353558689575566 
-0.0099502598792006285 -0.008541764535471813 
-0.0077870988488858602 -0.0084376650160566807 
-0.0059320218092177154 -0.007849423097002468 
-0.0045555270232281453 -0.0087393316885969203 
-0.0019293875288282584 -0.0086754992046856189 
-0.0032261722970493385 -0.0092049445059364798 
0.0022801229690493485 -0.010356333186755464 
-0.00067169666916210122 -0.0094784211949486344 
0.00076731595864303721 -0.010192396466587671 
-0.019401170642649228 -0.016364686567174734 
-0.019091302339649945 -0.019617611484442563 
-0.018938727095989729 -0.022655075722016738 
-0.016658434150866989 -0.014168282139469012 
-0.013991262538281486 -0.012284838735945824 
-0.011598008268722159 -0.010458518102239616 
-0.010003510746913974 -0.050308585990724408 
-0.011998656219645598 -0.047082281710825402 
-0.021886035690222641 -0.031007134247828038 
-0.02018960148056749 -0.027829329715053988 
-0.018801957252686158 -0.025309276083123149 
-0.013989361263667783 -0.043850413116867798 
-0.015972779970506785 -0.040602907279963386 
-0.019910203291809873 -0.03412589572430829 
-0.017929812846881714 -0.037334697523358572 
0.0034520265710533842 -0.010336156008887282 
0.0041046392550771844 -0.010593916205370309 
0.0047404225693967175 -0.01052747436400703 
0.0052788868064988443 -0.010542961532100704 
0.0069887262933818637 -0.010399311510798318 
0.006504043488112829 -0.010487547118140558 
0.0058887361305179952 -0.010611373961648587 
-0.0040062262291347813 -0.053535453921545885 
0.0080000000000003298 -0.059999999999999998 
0.012000000000000302 -0.059999999999999998 
0.0019968351811104818 -0.056764911688843601 
0.0059971495840962716 -0.056764111437052421 
-6.9305772750292548e-006 -0.053534187935666881 
0.0082005706094666671 -0.0099596505171096698 
0.008451569286383501 -0.009846622350209517 
0.0072937102601939247 -0.010654952475733205 
0.0077653959013353271 -0.010275655883345816 
0.0076291540461525141 -0.01060187504759489 
0.0080577144922723935 -0.01022311960913007 
-0.0083751116056819848 -0.00027744287925720993 
-0.010254385165870447 -0.0026626778748498232 
-0.0098326867121231003 -0.0020578797871547167 
-0.009795878195108642 -0.0014318035568046308 
-0.0095827783942770278 -0.00093753446475808798 
-0.0093318064625418709 -0.00050214852011089305 
-0.0090070691263360331 -0.00017890974301645177 
-0.008820395456846845 0.00013952945776536964 
-0.053523906219045549 -0.0040014125758191183 
-0.050290108732549819 -0.0060051789556043664 
-0.0279951936469231 -0.019776238971086459 
-0.025054337379113278 -0.017763148482564564 
-0.022332026774739187 -0.015176804377968608 
-0.031190659078092899 -0.017908602938187825 
-0.034328729524018588 -0.016001938311820372 
-0.037477493947362418 -0.014041076287285794 
-0.047063066056971553 -0.0080126265652874906 
-0.043847841142250238 -0.010025704486222789 
-0.040650521719490192 -0.012041048411245424 
-0.011520055923869203 -0.004450048379967199 
-0.011894251567378214 -0.0057693337752366784 
-0.012422765719422338 -0.0078272419607603103 
-0.013836915342122691 -0.009619157751876271 
-0.016834969109519218 -0.010399478057089281 
-0.019675463441533505 -0.012857038166235575 
-0.011523247056554393 -0.0026212278388129482 
-0.012204744688921637 -0.0035262432543647854 
-0.056761274913472236 0.001999928570723166 
-0.053523498594682556 -9.5030519890603805e-007 
-0.059999999999999998 0.0079999999999995595 
-0.056761316956019305 0.0060000303619113836 
-0.059999999999999998 0.011999999999999528 
0.016000000000000278 -0.059999999999999998 
0.02000000000000025 -0.059999999999999998 
-0.0060073745980803303 -0.05031076279727581 
0.0025825727283521863 -0.011253772504804032 
-0.0087429250680028468 -0.011000923718865203 
-0.0062525040073673826 -0.0099252209788084685 
-0.004398470729434595 -0.010566750735780929 
-0.0023409329970988796 -0.010461819973349039 
0.0014558792202272787 -0.011419624628076466 
-0.00079446967159935394 -0.010937532255677701 
0.00029631316139131761 -0.011534639180524203 
-0.016397824165478823 -0.017578769834449327 
-0.016254026461029553 -0.020901550066607617 
-0.016283225209958372 -0.024160638838639597 
-0.013610362712369888 -0.015509935574601957 
-0.011157574363862601 -0.013366208148793357 
-0.0085108700506675728 -0.013807867116272351 
-0.0080056854614232262 -0.047090744125002672 
-0.0099996578571756693 -0.043871590538066156 
-0.018039548734132632 -0.030834107231476979 
-0.01678694329549511 -0.027398150280508918 
-0.01199028137929125 -0.040640169866178612 
-0.013957412606108164 -0.037359562571137379 
-0.015880222065428884 -0.033939771933516209 
0.0035898928180815247 -0.011224836881241783 
0.0043477747289029827 -0.011102480316804917 
0.0048987619194822548 -0.011001751387828855 
0.0054167055267820277 -0.011257409747494994 
0.0069184840023070321 -0.010956197617100625 
0.0062109337765177183 -0.011148510066998085 
0.0030506502348596697 -0.012179238576856453 
-0.0020101009599596876 -0.050309805509568865 
0.0099975761702452617 -0.056763389398744125 
0.013998134739413234 -0.056763005789365405 
0.0039932299150652892 -0.053532316187923791 
0.0079940005027840742 -0.053530489223256456 
0.001988928616051979 -0.050306721509252771 
0.0083878830974743225 -0.010071971020513963 
0.0082698589601780774 -0.010199866765646989 
0.0085321696575465667 -0.010065902293194946 
0.0086296899500098705 -0.0099550554857952781 
0.0086622106449056706 -0.0096694739959418703 
0.0074996224631069131 -0.011023769714219412 
0.0079421411453281278 -0.010529105250717785 
0.0078497603221970892 -0.010810872351871644 
0.0082178801905358947 -0.01045678003579348 
-0.0083751116056822207 0.0002774428792555253 
-0.010699211537880058 -0.0017031031352603037 
-0.010404101640182684 -0.00094838592132160228 
-0.012085362455413313 -0.0017160814949595702 
-0.010090905544415234 -0.00039568727241494616 
-0.0096992941949747349 4.4251829200683703e-006 
-0.0093486974938877601 0.00030895171370413341 
-0.0089959874526462352 0.00056760531814085133 
-0.008695103395191018 0.00081237708580604692 
-0.050288576745431419 -0.0020041586903142309 
-0.047059064508041787 -0.0040108921077678635 
-0.028135309186029508 -0.015856722639708987 
-0.025226477757397111 -0.013732246316458798 
-0.022509329264056625 -0.011627495406263713 
-0.031207664844004526 -0.013990189153102843 
-0.034306389362667909 -0.012068014216058465 
-0.037456251155173953 -0.010062969892502025 
-0.043839475471527445 -0.0060239630500372775 
-0.040635903617915602 -0.008043643068877707 
-0.013062930307168418 -0.0047285225046382797 
-0.013485380900016313 -0.0060124728778259418 
-0.015237301498091216 -0.0073506849408386437 
-0.018236540476953153 -0.0073541546826095686 
-0.020316850707369761 -0.0094054824494480931 
-0.012911730813763055 -0.0026467376400534344 
-0.013549290827627101 -0.0036225027420525207 
-0.053523247029312708 0.0039995421183333007 
-0.050287280882055863 0.0019972254535661144 
-0.056761390202385853 0.010000199050446775 
-0.053523262862982222 0.0080000352930364258 
-0.056762012493462466 0.014000626730464533 
-0.059999999999999998 0.015999999999999501 
-0.059999999999999998 0.019999999999999477 
0.024000000000000219 -0.059999999999999998 
0.028000000000000191 -0.059999999999999998 
0.017998865328323885 -0.056763609045092013 
0.021999847726958097 -0.056765454748462861 
-0.0040125228923416356 -0.04709253400924307 
0.001897006907845847 -0.012525985429180795 
-0.0058630130837658721 -0.012513309805957478 
-0.003613508282468818 -0.012044529241943278 
-0.0019174102158759903 -0.012360934509115736 
0.00062610647138040972 -0.012800613921776248 
-0.00050658471029192502 -0.012336522437350908 
-0.013352780772069233 -0.018901349303682091 
-0.013435394339897509 -0.022476675660608746 
-0.013589352391131711 -0.026077172483216525 
-0.010104300283660184 -0.016760165285272147 
-0.0066737595858550776 -0.015702871041483539 
-0.0060133167444194899 -0.043882704254303261 
-0.0080013995291848793 -0.040684099120510561 
-0.013817974704494305 -0.030178377331543237 
-0.010018432086964259 -0.037453898014272825 
-0.01202255676856384 -0.034066969372609439 
0.0072269739741089474 -0.011556459688339028 
0.0040016933902437381 -0.011883457674727701 
0.0047100199658307038 -0.011578430978736632 
0.0052969650509343815 -0.011947942291067411 
0.0059180010781779016 -0.011895581686393162 
0.0066167516403169632 -0.011678008092123805 
0.0036923308573901712 -0.012764682296171568 
0.0028024601084932228 -0.01342276614424759 
-1.617403862688459e-005 -0.047088347867625481 
0.011995130361017207 -0.05352935387373 
0.015996521595908173 -0.05352953816671438 
0.0059896265419270211 -0.050303303528799186 
0.0099911266353658046 -0.05030091895996993 
0.0039841477256947052 -0.047082392747363234 
0.0088206783888199695 -0.0094331887304897905 
0.0084852464111411056 -0.010287812645687761 
0.0087029387805152725 -0.010168499814314426 
0.0088127549020922662 -0.0099443689681480065 
0.0088804785914657104 -0.0097403473465788211 
0.0076884424077125774 -0.011486643337294379 
0.0079445351277328147 -0.011151380301846528 
0.008132941919475549 -0.010806328576570809 
0.008419577823090189 -0.010697478010843945 
0.0089061921679215242 -0.009161839976832226 
-0.0082226809944198447 0.00081090490648127404 
-0.011563546650640709 -0.00091066202716274939 
-0.011031402649649259 -0.00024051241179781941 
-0.013313152865254807 -0.0016143247345315895 
-0.012903827820323902 -0.0008050884992550206 
-0.010515284920522557 0.00025504497167915354 
-0.0087394491317190383 0.001267413696659968 
-0.010006367844912217 0.00061979582916880374 
-0.0095663456664549888 0.00091249442225405661 
-0.009146371859606775 0.001153461823731662 
-0.047055349257356792 -8.6522706965380808e-006 
-0.043830629913471621 -0.0020203727383529481 
-0.028141941065984308 -0.011965609443287084 
-0.025205139092978768 -0.0099097322915391913 
-0.022786819699214748 -0.0088000187126727452 
-0.031158216710900619 -0.010118398752914648 
-0.03425667792370949 -0.0081077237991885581 
-0.0374221032394381 -0.0060692788355915439 
-0.040617885170210082 -0.0040411926909503905 
-0.014898526451727958 -0.0047202403917318576 
-0.016945657854569949 -0.0055224770855079371 
-0.018846215592138553 -0.0050952760686186578 
-0.021238248100030215 -0.0063515294941547916 
-0.014640763024590478 -0.0025424356100820925 
-0.050286433760838335 0.0059986707594776555 
-0.047052308777885958 0.0039941748508831379 
-0.053523885850911695 0.012000717714101003 
-0.050286389896886684 0.010000067233237214 
-0.053524901675212698 0.016001695097643973 
-0.056762644500050086 0.01800136118639592 
-0.059999999999999998 0.023999999999999449 
-0.05676546479791026 0.022002769232985577 
-0.059999999999999998 0.027999999999999418 
0.032000000000000167 -0.059999999999999998 
0.026000807530151895 -0.056770265207605732 
0.030002490506605337 -0.056778426788426282 
0.019998090089794623 -0.05353181785850835 
0.023998549322252097 -0.053539142945205946 
-0.0020235153614308683 -0.043878195620989623 
0.0012501624628364094 -0.014263726834453965 
-0.0035477143861687497 -0.0143198311855132 
-0.00074346329675600831 -0.014048892319660651 
-0.010477037921124227 -0.020609899432110817 
-0.010655943284071958 -0.024209443839395835 
-0.01055446456895464 -0.02776635971753226 
-0.0074892989900594981 -0.01884032868599974 
-0.0045870028144950397 -0.017460887694783486 
-0.0040372948675778605 -0.040680555230077305 
-0.0060701846882931241 -0.037505283454212779 
-0.0097836998144833487 -0.031219841592445011 
-0.0080717914749608311 -0.034409176827810084 
0.001616368507479698 -0.01600428803249089 
0.0076239492257387034 -0.012015466022070632 
0.0070397472452276098 -0.012290976643747054 
0.0045971143347064928 -0.012592306944791878 
0.0055144699050207824 -0.01264713622225629 
0.0063337804731080846 -0.012540457532154626 
0.00401314622035202 -0.013749266445684605 
0.0029319239779009307 -0.015075443115840557 
0.0019753098080229664 -0.043867941733544191 
0.013992813441420296 -0.050300185658807922 
0.017994280266756958 -0.050302108204549806 
0.0079863189582122535 -0.04707796761568786 
0.011988033915071444 -0.047076552727162581 
0.0059793229547139759 -0.043859335391533 
0.0090580043599736045 -0.0094455405637486126 
0.0090699084124146543 -0.009684657957755265 
0.0087492271376000425 -0.010526250236947305 
0.0089464090675487832 -0.010246449453871473 
0.009036840609095988 -0.0099700470805591766 
0.0091317032316901321 -0.0091007133022273749 
0.0092135991015948812 -0.0093287751257695953 
0.0081553783154989287 -0.011665705248866001 
0.0083435704757290619 -0.011107784791387671 
0.0086192234869650677 -0.010916418845503002 
0.0089396770347208148 -0.010904369014446373 
0.0089129351789358751 -0.0088866930103858426 
-0.00838442892956596 0.0014123384567742924 
-0.0079296285558362097 0.0012818825552947902 
-0.0087384217681171304 0.0018436328045152168 
-0.012263535315522741 -5.1555615311346122e-005 
-0.011539122258473328 0.00056307516064859643 
-0.014271374731609519 -0.00094615738076604227 
-0.01368448087693714 0.00014161044281137632 
-0.010869953631871931 0.0010236914789825322 
-0.00919154891576629 0.0017545328317906022 
-0.010227224589181809 0.0013617384004312471 
-0.0096897965958630816 0.0016063475877384475 
-0.043822898313239565 0.0019844427064383708 
-0.04060133534467715 -3.5142648237558484e-005 
-0.027922877124884879 -0.0081811361168252598 
-0.024664531331638356 -0.0067058539219579357 
-0.030950909856531737 -0.0061184152828441815 
-0.034182444970463806 -0.0040957876876825203 
-0.037389420106618713 -0.0020627783766164983 
-0.017368360750032241 -0.0032625869811775828 
-0.020355720473299234 -0.0033258201253645245 
-0.023558010118507743 -0.0039357339522466776 
-0.01640463862448089 -0.0011727529820908615 
-0.047050286853863477 0.0079972730449632892 
-0.043816927140686933 0.0059897337763209673 
-0.050287087172096574 0.014001548646249168 
-0.04704961294780164 0.012000641213989237 
-0.050292612071332815 0.01800416358446864 
-0.053529486258597457 0.020003665657502803 
-0.056768944003084965 0.026005283208018506 
-0.05353464722868187 0.024006395788896042 
-0.059999999999999998 0.03199999999999939 
-0.056776497321081955 0.030011877449886322 
0.036000000000000143 -0.059999999999999998 
0.040000000000000119 -0.059999999999999998 
0.034006577419281557 -0.056788324850717255 
0.027998267992073857 -0.053553461687653597 
0.03200008982647775 -0.05357364226223249 
0.021992942085795816 -0.050310443644384244 
0.025987201514156382 -0.050329800645210011 
-4.7222264623756802e-005 -0.040663025117554 
-8.5793880743744751e-005 -0.016155909660653001 
-0.002074707586911501 -0.016516446577488506 
-0.0078244702202445761 -0.022471366878800952 
-0.0076551523840076973 -0.026011242594063483 
-0.0078167040104090528 -0.02883460855398046 
-0.0049680628368651619 -0.020448062042936192 
-0.002768473501110251 -0.018937786635279716 
-0.0020982953886609862 -0.037477784482382821 
-0.0041955739314540391 -0.034328871475735899 
-0.0062207749127040956 -0.031335027987986021 
0.0013031329984770459 -0.017332746866434389 
0.0026966485108324816 -0.016831768538083599 
0.0085739694083719724 -0.012118700593257974 
0.0081272666808319509 -0.012383327964697896 
0.0075620258571993141 -0.01280864644325924 
0.0068715364755152211 -0.013183517639979015 
0.0050496829796626242 -0.013742606928794693 
0.0060421764943900339 -0.013547524908428428 
0.0043939151589548293 -0.014993880538724221 
0.0038023489612030088 -0.016158930962875875 
0.0039645619604649325 -0.040648473994324204 
0.015988055116293934 -0.047078887242792411 
0.019984160074289652 -0.047088195901374287 
0.0099811523859821127 -0.043859425617099858 
0.013978571225653375 -0.04386635215656088 
0.0079707927759880334 -0.040654343148647458 
0.0092796437291169844 -0.0096192410278961842 
0.0092806511230425718 -0.0099372908412698278 
0.0091329606861274924 -0.010613544780598845 
0.0092311095368499858 -0.010271537652643393 
0.0091054199141952924 -0.0087459658334415585 
0.0092416774783881748 -0.0089423949574477385 
0.0093864476073598126 -0.0092126948424528735 
0.0094843701882615997 -0.0095070749801590693 
0.0087860070230191666 -0.011406394557044383 
0.009265792930518461 -0.011068835952154014 
0.0091623087290871146 -0.0085371385812747468 
0.0088443977186442712 -0.0086200878362717118 
0.0025787171666354081 0.00026375134896870008 
0.0025787171666354536 -0.00026375134896904572 
-0.0082919641977375804 0.0018578583209202125 
-0.0079125645299873461 0.0018981870509299802 
-0.0075038491169864691 0.001664100588675688 
-0.0091593113246160856 0.0023846991138347234 
-0.0086636472517540621 0.0023894011617507857 
-0.012858831637112107 0.0009422436428875398 
-0.011966839621373827 0.0015149750532989154 
-0.01544683480974603 0.00031828968674248257 
-0.014467506226453942 0.0013830909986584101 
-0.011136537102756042 0.0019284517559043394 
-0.0097285301032825709 0.0023265331664930875 
-0.010377919265684281 0.0021833056470576318 
-0.040587980002618533 0.0039727974056201253 
-0.03736619212646753 0.0019447433496674474 
-0.027255137097108483 -0.0040807490702582227 
-0.030915059687915913 -0.0021080070047773316 
-0.034149863806051721 -8.2062972859698401e-005 
-0.019161746409197475 -0.0012230136146923886 
-0.022216126289078018 -0.0012289626003783481 
-0.02498986425983267 -0.0014025253717269159 
-0.017859550770270325 0.00057156444631818715 
-0.043813270293807639 0.0099957532449749167 
-0.040577595515363385 0.0079834116565056061 
-0.047054364329540223 0.016004403252953079 
-0.043814393683536866 0.014002290281404111 
-0.047062958644852375 0.020008234540973297 
-0.050299582490053091 0.022006536661081474 
-0.053546160417531706 0.028009966833781944 
-0.050311593667371715 0.026009478400602366 
-0.059999999999999998 0.035999999999999366 
-0.056759311605179781 0.034023678466915057 
-0.053548009003978499 0.032013640854292223 
-0.059999999999999998 0.039999999999999342 
0.044000000000000095 -0.059999999999999998 
0.04800000000000007 -0.059999999999999998 
0.038009292382449496 -0.056803875357446909 
0.042014127871575664 -0.056823746015055965 
0.035999946366966962 -0.053604599342242536 
0.029978498846722434 -0.050362140530474754 
0.03397335722463813 -0.05040487961353305 
0.023972481627406231 -0.047111651829307079 
0.027952158938258472 -0.04715375541636202 
0.0019331430602485308 -0.037437981913387673 
-0.00022966578559044945 -0.018745615296274078 
-0.0045172332135907413 -0.024706010422012571 
-0.0050189583386228073 -0.028106095514244728 
-0.0018575567146991603 -0.021836782075783333 
-0.0016519133502154771 -0.02444325346195509 
-0.00017325094947250654 -0.034255217911279411 
-0.0025717652694317236 -0.030973299882883377 
0.0025181076404072432 -0.018926152804670374 
0.0040080087433821522 -0.017493048550831808 
0.0091599453031305962 -0.012144090317719288 
0.0087160134948111121 -0.012778088760371675 
0.0081768256763030834 -0.013267924840826678 
0.0075314942452354983 -0.013721984410968681 
0.0067636336255081798 -0.014250043301551617 
0.0057461898829431184 -0.014916627755571822 
0.0048201989316672741 -0.016320408023577773 
0.0059703203963096035 -0.037440713644695596 
0.017973307228934417 -0.04387732102765516 
0.021957856188988115 -0.04390348605985455 
0.011970633311726089 -0.040667700836953112 
0.015965567467483264 -0.040682804428680323 
0.009980179026877414 -0.037480079751609927 
0.0030136027705106655 0.00038343517418076676 
0.0027165781297667215 0.00077277863358073779 
0.0095417794229830932 -0.0098510880137407265 
0.0095285483733418934 -0.010249432047865289 
0.0094675699644173762 -0.010635969968139697 
0.0093826047522207537 -0.0087749800250592359 
0.0095600993828065528 -0.009043489581811559 
0.0097181784192562678 -0.0093615487145357144 
0.0098229829663726859 -0.0097185033183036559 
0.0094984485755770093 -0.011653654910530749 
0.0097480721485533293 -0.011146476147638949 
0.0095112680011242724 -0.0085442283406578969 
0.0093282704675415259 -0.0083367774383320114 
0.0090241204798321029 -0.0083106665989833035 
0.0087002439619564588 -0.0083753049524455756 
0.0029994042132548827 -3.6331312478494817e-006 
0.0029980902904542263 -0.00039697181172955475 
0.0027165781297666274 -0.00077277863358051271 
0.0098729339793514701 -0.012398501106298261 
-0.0081230188665386803 0.0024228799382493222 
-0.0077141167151893878 0.0022608196285250335 
-0.0073067847487908845 0.0023641552889572168 
-0.0069360648223972098 0.0020426234517351939 
-0.0096014704558364996 0.0030406676804762799 
-0.009032249452939959 0.0029534270379823679 
-0.0084772981695003576 0.0031820893197090586 
-0.013369616795280004 0.0021317063729594942 
-0.012302780271235669 0.0026241642261124565 
-0.016450152448930746 0.0019271184939418887 
-0.015113962699107256 0.0028606742076626836 
-0.011255640512384379 0.0029201617599416384 
-0.010397468071550856 0.003050163356760247 
-0.037345012913663454 0.0059525560553161201 
-0.034125007475004882 0.0039175673286540964 
-0.027775749832264919 -0.00010343474193224046 
-0.030925619406695179 0.0018795284385045535 
-0.02076608154802416 0.0010804765545387972 
-0.024413087920596786 0.0015820238249321123 
-0.019036340902944593 0.002709365941409146 
-0.040571723911196109 0.011995331026137597 
-0.037327050957802178 0.0099609736992976108 
-0.043820665411947235 0.018009591765272961 
-0.04057735563224036 0.016006052739293966 
-0.043836315714405293 0.022016854856189063 
-0.047076509786208066 0.024008819765831857 
-0.050339477151464446 0.030012643921675106 
-0.047103756293379734 0.028004682635660579 
-0.056746084773962646 0.038040566875220221 
-0.053530086538357162 0.036011790078616115 
-0.050338269027844135 0.034011758318331579 
-0.059999999999999998 0.043999999999999304 
-0.056760227321907816 0.042135088821000068 
-0.059999999999999998 0.047999999999999279 
0.052000000000000053 -0.060000000000000005 
0.056000000000000022 -0.059999999999999998 
0.046020471215855542 -0.056843735014130793 
0.05000718086421202 -0.056913289524542499 
0.040011082949816042 -0.053632150662139874 
0.044041946356063059 -0.053665219097149157 
0.037981292733744308 -0.050448575871586569 
0.031930585494340136 -0.047208573641145744 
0.035928108953100869 -0.047267111182507725 
0.025927618274214467 -0.043954354529426483 
0.029884758905076487 -0.044024271514978196 
0.0039875833777868177 -0.034148993536505939 
0.0013233521164512673 -0.021394234809374784 
-0.001353956290153803 -0.027098562152001748 
0.00052059085031658226 -0.024237577071943302 
0.0020615050966154552 -0.030408716402988391 
0.0051401121331352707 -0.0175108880477166 
0.0037767593078033876 -0.020940330548073382 
0.0045964231922881165 -0.01889865805796067 
0.0094601354032977994 -0.013080004065161686 
0.0088514057822730897 -0.013680613489909147 
0.0082700715028265828 -0.014239860199926508 
0.0075448723340606127 -0.014581914040269019 
0.0069737237834090185 -0.015405350448702256 
0.006072105929519539 -0.016599684340945126 
0.0080196910132714835 -0.034286960505816526 
0.019948621646860488 -0.040709927881950402 
0.023918410160957061 -0.040745227794959663 
0.013977204965516582 -0.037509080526662311 
0.017956188973042509 -0.037538951053830837 
0.012007122728539925 -0.034342399639639823 
0.0034154006942360548 0.00023809635163511819 
0.0032789366674551039 0.0007307913318831844 
0.0029995120760870774 0.0012493900951088487 
0.0098829956049020697 -0.010174281586123038 
0.0098809652051659383 -0.010615064409970502 
0.0097148550077231083 -0.0088366628557219017 
0.010163837192106919 -0.0099494784458389971 
0.0099372395160137583 -0.0091344070674890688 
0.010117930854723211 -0.0095531224969980563 
0.010157940068889024 -0.0117576313823296 
0.010309989810890404 -0.011144165760180692 
0.0098312049792307239 -0.008558522669160247 
0.0096640171200025396 -0.0082171276504965571 
0.0093014976532479841 -0.0080617459648756502 
0.0088990355962084815 -0.0080358874227295981 
0.0084837347137611541 -0.0081046683922014456 
0.0034186540719885125 -0.00024419391439535812 
0.0032803748583077304 -0.00073635307399845594 
0.0029995120760870769 -0.0012493900951088483 
0.010665584854231762 -0.012513772186436338 
0.010314764777055079 -0.013331822844130764 
0.0088443977186443475 0.0086200878362718975 
0.0089129351789361145 0.0088866930103879225 
0.0087002439619564588 0.0083753049524455756 
-0.0076770511491729291 0.0029285588097517361 
-0.006885060964277997 0.0027963796412318856 
-0.0061833692294264433 0.0025444205137157053 
-0.010044336171167225 0.0037395688089998241 
-0.0091910131332715705 0.0038132607164849323 
-0.0081579123998546874 0.0039144035921397612 
-0.013747213890290594 0.003481432841303814 
-0.012449467652954188 0.0038367101920973286 
-0.017178172007452933 0.0039052622657351748 
-0.015529927308843627 0.0045720474445504287 
-0.011049451916842411 0.0040442107939989928 
-0.034083874956327614 0.0079230219766968802 
-0.030879481640823804 0.0058876171245992766 
-0.027675185899825289 0.003763668893785006 
-0.022076409191086482 0.0038019012750200747 
-0.024928928534707649 0.0048279173185242601 
-0.019844094355786251 0.0053872065202838224 
-0.037320242419239452 0.013969199454557307 
-0.034055937128657961 0.011923919508453729 
-0.040582783102482811 0.0200210044050705 
-0.037324306391278365 0.017981085332096677 
-0.040609478262927989 0.024038546166521166 
-0.043865614655320136 0.026014984265804435 
-0.047190772907741388 0.032025901776454896 
-0.043928997815745913 0.029948309861724892 
-0.053432834817256782 0.04006317642985855 
-0.047192348429173178 0.035983422382031928 
-0.050229427597762888 0.038023104228525159 
-0.056699301189325112 0.046059454474136591 
-0.053075684238854982 0.044352505213528938 
-0.056750718362564255 0.049813780655643569 
-0.059999999999999998 0.051999999999999255 
-0.059999999999999998 0.055999999999999231 
0.053960286553373794 -0.057032887380508344 
0.05728534851840187 -0.057395662382432121 
0.059999999999999998 -0.059999999999999998 
0.052002735187023946 -0.053942948215554488 
0.048059598669172199 -0.053660168392722661 
0.042000840199194672 -0.050469628465869693 
0.046031262750906472 -0.050578549644853858 
0.03996881314233855 -0.047322537277160438 
0.033843550878850256 -0.044085794542583122 
0.037864011625659534 -0.044145938528262589 
0.027859504450627015 -0.040837849033955737 
0.031776956177351517 -0.040943195572692374 
0.0062105205313168618 -0.031096838737060904 
0.003339346846715897 -0.023417851683821943 
0.0027345253743561375 -0.026386866589203976 
0.0052076569956458528 -0.02817940650958994 
0.0053567523724817731 -0.022005384643004163 
0.0062038238688192707 -0.018242641265267607 
0.0059545823437546809 -0.020146383865258757 
0.0098457490831654476 -0.014146907872540984 
0.0090405080472374839 -0.014602057900516297 
0.0083543527425343732 -0.015468915971638452 
0.0074857549447429998 -0.017007877584369547 
0.010076967681836569 -0.031224436039591297 
0.021917291783285896 -0.037573627145493622 
0.025861069460322978 -0.037626530575685199 
0.015993365893074971 -0.034394508210804212 
0.019942017108218236 -0.034431895886465114 
0.014074760622389128 -0.031260795877889783 
0.0039157583160129433 -2.8728571882531461e-006 
0.0038721712495835186 0.00057946189070708933 
0.0037433065136371871 0.0011699538734000405 
0.0034314179797568668 0.0017892724746960853 
0.010367994007115801 -0.010455271921266053 
0.010165649170710727 -0.0088520499457770841 
0.010627282527420831 -0.0098462129065041894 
0.010437693427552297 -0.0093133044841180318 
0.010894026341641765 -0.011740885444319445 
0.011003942390897584 -0.011072332800107401 
0.010119621112664422 -0.0083585256791280579 
0.010090904341553244 -0.0079632695368245954 
0.009676680463209384 -0.0077935718103050678 
0.0092173762546886914 -0.0076766275127132227 
0.0087147764081242293 -0.0076494542230496829 
0.0081941657634029587 -0.0077427072042537005 
0.0039028960596652409 -0.00056342896384315377 
0.0037508014523094262 -0.0011665757165512213 
0.0034314179797568815 -0.0017892724746961038 
0.0078046950453216713 -0.007255868806652091 
0.01156766398632841 -0.012531271226658709 
0.01127233692741752 -0.013474118210396492 
0.010772959609816168 -0.01442263776940113 
0.0089061921679212883 0.0091618399768336693 
0.0091310250787982085 0.0089588376366654225 
0.009071449247044441 0.0086261616957311518 
0.0089287217040052661 0.0083244206360928823 
0.0090966064953269983 0.0083994823394952164 
0.0092002630263957313 0.0087564357997588736 
0.0084837347137611038 0.0081046683922013831 
0.008722763116994563 0.0080386599064414532 
0.0088944657284259002 0.0081271699687953669 
-0.0051790945298211431 0.0032139369801192381 
-0.0072550026230839499 0.0039359756626083523 
-0.0062029768666348696 0.0036978211307044612 
-0.003982376851216482 0.0040117487658556782 
-0.0078956741809049994 0.0050839164352597215 
-0.01002718963890949 0.004772729695727413 
-0.0090411313793229541 0.0051139750700544941 
-0.013748039499134076 0.0050122347566238417 
-0.01241130290782547 0.0050598900254437452 
-0.017356477417960977 0.0062883284598999447 
-0.015139336137174456 0.0062298510426108218 
-0.011462015579448443 0.0059112631296361438 
-0.030768636452167066 0.0098900553340304544 
-0.027278297355581547 0.0078117957314726054 
-0.023154197229195851 0.0072464671774239821 
-0.02026296938607668 0.0083719140022146116 
-0.017920560623859969 0.0094941754283124642 
-0.03404699934323583 0.015913000976062547 
-0.030781794557072015 0.013875221330462317 
-0.037348303256160238 0.021990887923267633 
-0.034063635039458445 0.019886696736338777 
-0.037384676689519829 0.026114618449791453 
-0.040639176159679637 0.028072927099003903 
-0.044024383471327505 0.033745824731195792 
-0.040888156120478379 0.031865519285004418 
-0.043817360169618604 0.037283444980605422 
-0.050119181746843551 0.041886596433450794 
-0.046764058863012874 0.040181889000437655 
-0.0498550197592263 0.044867781595099833 
-0.053619199988271846 0.048036824429892919 
-0.051029953010563942 0.046904870682941975 
-0.05375682766307667 0.050884701557113554 
-0.056370827972578925 0.053874232114208088 
-0.05724927504829349 0.057396272593229526 
-0.059999999999999998 0.059999999999999998 
0.056466456038635565 -0.053945424531653054 
0.059999999999999998 -0.055999999999999231 
0.053814278746737165 -0.051024809581209155 
0.050202328398313421 -0.050026308365276217 
0.043962645864776002 -0.047220301170967267 
0.047354148479911373 -0.047502718743457198 
0.042073624313905822 -0.044155185239062721 
0.035668198551925469 -0.040940546253355005 
0.039337619398193191 -0.041020074761502573 
0.029777054607597719 -0.037767728675135288 
0.033625210289839745 -0.038007740749120583 
0.0084452792745450013 -0.028148568601144165 
0.0065495725204572121 -0.024690797303641276 
0.0074551452755925894 -0.021562595550740648 
0.008110243842968809 -0.019117150904923934 
0.0098809611253879281 -0.015473991968566397 
0.0092032299796051681 -0.01720346433698839 
0.012243468634710663 -0.028118692703851984 
0.023869173952134753 -0.034466666146641831 
0.027784661379717735 -0.034560879338184018 
0.018007375300192075 -0.031326533122901894 
0.021907400500884393 -0.031353228128202647 
0.016140403069561927 -0.028240701617260416 
0.0081941657634028581 0.007742707204253573 
0.0078046950453215178 0.0072558688066518984 
0.0040090693772127494 0.0025113367215159384 
0.0045479056493550052 -0.00027749511504197746 
0.0043564159496412768 0.00031487195479765792 
0.0045373837223408632 0.00092900377140480437 
0.0043415247041722243 0.00173552184595601 
0.010648753338536068 -0.0085099927692092701 
0.011123549680312315 -0.010446624895539805 
0.011328831453410394 -0.0099691433978411417 
0.010861593071698931 -0.0089677853442999347 
0.011146620300822235 -0.0094647558391435932 
0.011691295577826751 -0.011624725336284225 
0.011615013775449786 -0.010937742652741491 
0.010508415368904822 -0.0081043130350345639 
0.010444774817297688 -0.0077736222732885506 
0.010133018435277131 -0.0075337624938119378 
0.0096535582418324217 -0.007309026955985027 
0.0090974626191733798 -0.0071636951800556434 
0.00845394457353792 -0.0071387660657447555 
0.004009069377212824 -0.0025113367215160325 
0.0045063866920297515 -0.00095105203054969805 
0.0043842403169737712 -0.0017099482531809619 
0.0072808562031464194 -0.0066010702539330271 
0.0047859980182662354 -0.0034824975228327964 
0.005702932692255358 -0.0046286658653191997 
0.0065763054355118498 -0.0057203817943898144 
0.0080933318638765524 -0.0064790034349098101 
0.012559198807780725 -0.012376732135203428 
0.012368306462187145 -0.013516071272967204 
0.012000853848688835 -0.014612523165886522 
0.011237035815020646 -0.015421328635199107 
0.0088206783888204032 0.0094331887304888867 
0.0091037690070153218 0.0092934872426728831 
0.0092434998145940316 0.0091149671811916484 
0.009392235206143882 0.0088742522151549937 
0.0092919214099131502 0.0084657543134771095 
0.0091078946156726223 0.008100058083456348 
0.0093051462439686199 0.0082079241960134365 
0.0095055055360075309 0.0085830469252540249 
0.0085754902909055686 0.0077314028877764965 
0.0089643247237479254 0.0078306981819404389 
0.0084515692863868352 0.0098466223502074179 
0.0082005706094676976 0.0099596505171093679 
0.0079193751525134283 0.01 
-0.0051849918042061478 0.0046244802987238862 
-0.0066031442416735545 0.0052558457036688353 
-0.0076098892005049337 0.0061854216271329246 
-0.0027440086335291025 0.0048373275776472649 
-0.004044870484243593 0.0055504852551171288 
-0.0015055974273408624 0.0056629350484394235 
-0.008794333243925017 0.0062705780604688545 
-0.010070075277293297 0.0062726568084063147 
-0.0079374023525268719 0.0071485504375528126 
-0.013210989097716118 0.0068934769937369104 
-0.015505791014704663 0.0082220211806935291 
-0.01142409628112021 0.0077573183369292302 
-0.016041026843330034 0.010392639689477337 
-0.027532433074539467 0.011918756332497917 
-0.022513699556391046 0.010164824445578131 
-0.024984697400851925 0.010212178437780042 
-0.020556495644119273 0.011657514957822648 
-0.017782846761203789 0.012014022449076648 
-0.030728929716782805 0.017831061722225712 
-0.027502851362244434 0.015696066355666387 
-0.03406779227773387 0.023826704744388191 
-0.030862844429683775 0.021773280101975653 
-0.033934664158768273 0.027540672035433519 
-0.037158248991392473 0.030455636337516908 
-0.041027192057857917 0.035375474205485348 
-0.038532290610716044 0.033839684037164211 
-0.041038905275607024 0.038250243435561285 
-0.042885424279735886 0.040535894774130658 
-0.047314206949952559 0.043929739739064194 
-0.044577328710143006 0.043004617968737634 
-0.048088670516850389 0.047224241246257181 
-0.050511190549616218 0.050043000929930956 
-0.052136858151035803 0.053690423075610789 
-0.053875547268888505 0.057107130851940344 
-0.056000000000000022 0.059999999999999998 
0.056766398964486597 -0.049783481402340173 
0.059999999999999998 -0.051999999999999255 
0.053528479666708283 -0.047740745438518639 
0.050175427222949313 -0.045810927956423018 
0.046399078162611671 -0.043877506579765649 
0.043211517639470613 -0.040836965929655508 
0.041024449760486761 -0.038425570939250281 
0.037558568050846106 -0.037442435277270682 
0.031712688543512474 -0.034785140056093899 
0.034845745421904835 -0.035046108816204388 
0.010554313659691858 -0.025085388933915004 
0.0094569857574831797 -0.020675740560948258 
0.0093027348164098807 -0.022740116026667492 
0.010481147906519073 -0.018917448887357122 
0.010960544234765682 -0.016861755785931656 
0.01432981707215251 -0.025123658717982451 
0.029688193613050563 -0.031432076984495433 
0.025806330945602196 -0.031306877965939291 
0.019988669965540287 -0.028307800274080946 
0.023831422373017278 -0.028286935131525463 
0.018198913461785374 -0.02531406876519415 
0.0083739227692485613 0.0071961311484364035 
0.004785998018266048 0.0034824975228325613 
0.0057029326922550952 0.0046286658653188709 
0.0065763054355116 0.005720381794389503 
0.0072808562031462156 0.0066010702539327712 
0.0080927726864577724 0.006472639221258512 
0.0050837587569475453 0.0024509513472061469 
0.0051087489061369881 -0.00059217770543418616 
0.0052182906955917079 0.00028273874537716162 
0.0053009040810357358 0.0013680649832277156 
0.010909725936540614 -0.0082195897825067185 
0.01119313295341445 -0.0085610721288494167 
0.011901359263978778 -0.010402837352123717 
0.011845345494517805 -0.0096852859958944017 
0.011580503125599608 -0.0090769867525981717 
0.012518158778323676 -0.011113337730791286 
0.010856024253175273 -0.0078484703791736575 
0.010636284612597883 -0.0074187418158014086 
0.010232857496850149 -0.0070275866512751724 
0.009635886889201431 -0.0067042792429250087 
0.0089149886673961683 -0.006500107688481244 
0.0052331666956127072 -0.0024542290742894618 
0.0053745997049210424 -0.0013872235014832555 
0.0076082278852185768 -0.0056213580972231097 
0.0061378898815366957 -0.0034577282377949445 
0.0069949129849397077 -0.0045375737078085518 
0.008662257316058377 -0.0056324978601553803 
0.013655388525884209 -0.012057943361839235 
0.013554379516134158 -0.013417043882679903 
0.01325436839423408 -0.014686694658191694 
0.012413912991880887 -0.015988996168061955 
0.0086622106449074174 0.0096694739959399326 
0.0089726669947396021 0.0096140258516923087 
0.0091628224634698573 0.0094803234647315247 
0.0093859654592741322 0.00927707596447498 
0.0095678617088187992 0.009040415853236174 
0.0097371076500770253 0.0087466865050717865 
0.0095725579107355883 0.0082214749246099662 
0.0093915007527968115 0.0078679853385799723 
0.00989284061536886 0.0083818556940539347 
0.0089300294337463313 0.0072414708601788603 
0.0093047908580364772 0.007449603243094188 
0.008492053685879691 0.010157367361621846 
0.0083070698811222501 0.01028908303718064 
0.008751112973619482 0.0098883254996536465 
0.008682852230923346 0.010080901225061537 
0.0076151896556346278 0.0099999999999999985 
0.0080677048467126915 0.010276486808718751 
0.0077693034350945741 0.010291583753832653 
0.0050259829780868086 0.0099141840529780069 
0.0072522754277016561 0.0099999999999999985 
0.0056055512754639896 0.01 
0.0067881421069582761 0.0099999999999999985 
0.0062144441007003764 0.01 
0.0044961508830135329 0.0096641005886756864 
-0.00026718622115262398 0.006488542519231583 
0.003927587621215577 0.0092850584141437147 
0.00097118308889942257 0.0073141220592662804 
0.0021684641639408593 0.0081123094426272368 
0.0031738593512752092 0.0087825729008501364 
-0.0053814945731821308 0.0062915619936545625 
-0.0066739669392727142 0.0069841183828416144 
-0.0028156388403657042 0.0064021857599611603 
-0.0041612746520272147 0.0071384110815174966 
-0.0015794745417833022 0.0072318305924493351 
-0.0093558797402230661 0.0080326605150520761 
-0.007533152345055188 0.0084582247904766948 
-0.01345188001175142 0.009706207319625338 
-0.010943739836680913 0.009656957563258798 
-0.01511466067978659 0.012279590137552291 
-0.023626358949985774 0.013549228186096711 
-0.024655198606526655 0.017236894598865592 
-0.019956410317181393 0.014176800604747554 
-0.017025695167113861 0.014015625165598952 
-0.027093853468434469 0.019806783658733229 
-0.030796821064270539 0.02562988785315427 
-0.027745431591575352 0.023865702736366075 
-0.031002739702255023 0.028669949600167628 
-0.033115983539103638 0.031170483418259932 
-0.035359438749943371 0.034064662622735782 
-0.037862056699399897 0.037268128763380953 
-0.039436732084017899 0.04063952139576292 
-0.041678160576015914 0.043855651863678985 
-0.044480982103639252 0.046413312190402067 
-0.046316700534269832 0.050113919985113747 
-0.048224687335299131 0.053462392672821657 
-0.050082068116755377 0.056771080327650103 
-0.052000000000000053 0.060000000000000005 
0.056750416595930463 -0.045900721041949775 
0.059999999999999998 -0.047999999999999279 
0.053461959831569754 -0.043886345949299146 
0.050115349923205259 -0.041856830257203111 
0.04687927836070508 -0.039615358726774963 
0.043784588093529059 -0.037254976381027836 
0.040747830261729144 -0.035314267714971891 
0.037499798043871872 -0.033436311742542246 
0.033832462181453977 -0.031558916255994537 
0.031363975207236494 -0.028731135199614025 
0.012402561632029694 -0.021544432818480112 
0.012748272361061465 -0.018101542208370434 
0.016584654556223804 -0.022387552459853643 
0.027762543396349953 -0.027765400855188475 
0.021846754876482053 -0.025327469208663855 
0.025010228933953049 -0.025402432367390371 
0.020081598744724483 -0.022719775926518266 
0.0088427785684983273 0.0065760180768424034 
0.0061053952306366769 0.0033086976298367494 
0.0070206060393883081 0.0044124525100454216 
0.0076493063381389212 0.0055033686668785895 
0.0087322558089031072 0.0056244097395656053 
0.0063772486903800321 0.0020224935442001994 
0.0062334927565753191 -0.00053131611153660731 
0.0064111314145061183 0.00077179270102915247 
0.011342303768672455 -0.0080741006002666843 
0.011910116287433653 -0.008522695466398526 
0.012709960452970475 -0.010169514042747923 
0.012477448392470294 -0.0092400919749961799 
0.013748096333589572 -0.010865155383156579 
0.011294983786281397 -0.0075005566161378866 
0.010972793510122904 -0.0068910733270277783 
0.010380235193643774 -0.0063154926700307989 
0.0096141305737308669 -0.0058829495024724588 
0.0066522040132951819 -0.0020335000051473298 
0.007523891354554833 -0.0010335671326408701 
0.0083102711765511064 -0.0045105684451832466 
0.0076338508385646528 -0.0032867398069409983 
0.0095706605392802194 -0.0048159399353306246 
0.014907726737226689 -0.011711306222545334 
0.014682895154925135 -0.012874767938175912 
0.014906354115693408 -0.014335401086540729 
0.01428240329751462 -0.016250132554792331 
0.0089756469071028862 0.0098083938174108546 
0.0092419765693974483 0.0096787492498903501 
0.0094987066270064216 0.0094900036958697424 
0.0097490958665299061 0.0092417087038495632 
0.0099657116108994928 0.0089355636309126837 
0.01014596019037362 0.0085585677724235778 
0.0097714639654367091 0.0078209408759096384 
0.0099794870805704969 0.0080351170485091026 
0.0097164708221144317 0.0074438675331542289 
0.010286648494565622 0.0081337157225896406 
0.009521628557776881 0.0068639943016174368 
0.0082411641377130012 0.010539552129266109 
0.0087310193738866851 0.010293953904607656 
0.0085836261680922645 0.010480152891955814 
0.0089930115286401321 0.010015394863963552 
0.0089645639253520329 0.010233219224417866 
0.0074057434419140412 0.010329990135834783 
0.0079741656147092818 0.010583071292935184 
0.0076446158603718515 0.010568880531533768 
0.0081659333802829009 0.010890188809997618 
0.0044350401375577459 0.010270066646455082 
0.0048812988735224558 0.010516931596161971 
0.005375713586654768 0.010518177026751374 
0.0070197339797977831 0.010381026253128447 
0.0059216356645580186 0.01053410847249385 
0.0064843705758921679 0.01045067057780635 
0.0038649837163824202 0.010041751508219158 
-0.00033372507743838599 0.0080045405606357992 
0.0031031929350093211 0.0097095441639924625 
0.00092892337755844405 0.0086435220364717708 
0.0021276846176157401 0.0092293100776045765 
-0.0056207193176695605 0.008196031240058417 
-0.0028581959240271833 0.007993134432721297 
-0.0041309128768459158 0.0085522386565480661 
-0.001695842753684684 0.0088410904791400603 
-0.0064820629118545617 0.0098840972135617947 
-0.0087867631042087245 0.010669052507835123 
-0.011776514700773639 0.012550959856826978 
-0.023716004924789015 0.019717893368667951 
-0.014610000594546774 0.014998086344708499 
-0.021309085638032008 0.017330789755815409 
-0.01750138553380251 0.01643286123394674 
-0.024445713647439242 0.022526586727365225 
-0.025018620948613287 0.025310173832861733 
-0.027673611724605696 0.027790647497816172 
-0.02949164606173213 0.031214978800295282 
-0.031621545338059151 0.034239085608649265 
-0.033866591146168197 0.03738193507204271 
-0.035945931919802734 0.040610780471900546 
-0.037993148613625356 0.043799690252423945 
-0.04046012279127735 0.046894471559716558 
-0.04240263875066147 0.050094418968776623 
-0.044204136764519252 0.053435483639634941 
-0.046097170059080539 0.056720448228198696 
-0.04800000000000007 0.059999999999999998 
0.056736507258686598 -0.041948087336533851 
0.059999999999999998 -0.043999999999999304 
0.053460663766866333 -0.039913300405023187 
0.050217318722501632 -0.037875386845403411 
0.047003632613940007 -0.035724917159582786 
0.04384081992484274 -0.033612777815931548 
0.040636035145358795 -0.031633467999593781 
0.037356477651602576 -0.029626441412160573 
0.034206327696961351 -0.027571276912234873 
0.030999167428212539 -0.025506705391730906 
0.0159409737140534 -0.018890144168949435 
0.018607558140281571 -0.020225019364591826 
0.027640162234099555 -0.023696595688537984 
0.023970261789816399 -0.021935760953036083 
0.021173178377962756 -0.019892539767732982 
0.0096149529952007512 0.0058917372885654122 
0.0076618271865830402 0.0028551249894172939 
0.0085802806128070491 0.0042980559355022836 
0.009640508026531304 0.00493553142993923 
0.0076880368944636374 0.0013769815187036863 
0.0076488153689902791 0.00011179352620275911 
0.012067584126405179 -0.0078053379268238354 
0.012929192195033801 -0.0083980243951422145 
0.013834737028908925 -0.0095387770746030442 
0.014858186634759515 -0.010596293877982279 
0.011909483425177366 -0.0069764880296757231 
0.011385320445990631 -0.0061089238598718591 
0.010583686043998373 -0.0053693170375513216 
0.0083892989209786908 -0.0020573789807780407 
0.0085213308766993665 -0.00070224367871668243 
0.009468383734058847 -0.0032515865105203902 
0.010782952162496268 -0.0042045656995977881 
0.015936785163940318 -0.011053446616345972 
0.016317356596046974 -0.012831811172177408 
0.016667239865952102 -0.015494603975552947 
0.0092853482225108072 0.0099094395371530364 
0.0095969010192601366 0.0097375559011051924 
0.0099115311618576396 0.0094968767303569516 
0.01019074304972468 0.0092054352059769227 
0.010449546140561438 0.0087952110570781433 
0.010657510976677663 0.0083435942943916128 
0.010216024760505866 0.0076316435064281542 
0.010095517051634233 0.0070394429583389671 
0.010797537845319203 0.0077990718845189957 
0.010197720474455319 0.0063992449113020686 
0.0085070767304950973 0.010845349720920494 
0.0084092854302323609 0.011118842530227012 
0.0089417938646999054 0.010522718897468789 
0.0088582491935424792 0.010837493788486387 
0.0092985449123322468 0.010172089880084376 
0.0093294879217880097 0.010483613045546484 
0.007323593586931681 0.010754952336380652 
0.0077662624339503933 0.010979983517078655 
0.008150078272431107 0.011290941109171971 
0.003970754343718982 0.010804648577006144 
0.0045503720733893385 0.010793732819125507 
0.0050193855919236155 0.011088497435499899 
0.00562611650235262 0.011131766905664529 
0.006835933592440749 0.010935938914590765 
0.0062435325357616516 0.011060981186951166 
0.0031648607079792857 0.01065840552888344 
-0.00035229232742407731 0.0095528967297609842 
0.0021769849068165427 0.01039802364972223 
0.00099291131831655928 0.010020402147230415 
0.0034471449790014915 0.011537028412946938 
-0.0049676640090433937 0.010131563320699855 
-0.0032236862614242966 0.0096527225507733756 
-0.0018154641662742326 0.010639689621657537 
-0.0064381277445505793 0.011709927811589103 
-0.0088135453621676664 0.013571902560428619 
-0.011379352217960383 0.016300118274750995 
-0.021194899323135133 0.021137706043427393 
-0.014808340521482782 0.018080656448208363 
-0.018029712617883411 0.019581679715707196 
-0.021540022910158826 0.024759260047693365 
-0.023672207350664016 0.028048425947544631 
-0.025773777500430237 0.031125484696372999 
-0.027760596163461635 0.034289666935011086 
-0.029851605491768445 0.03742651692271165 
-0.031972027096403101 0.040591123068839517 
-0.034081328728608258 0.043793635428465788 
-0.036339636839613595 0.046997273824626713 
-0.03826996654961471 0.050209200307597651 
-0.040180364301609033 0.053462033921030848 
-0.042080643441262784 0.056736161950072771 
-0.044000000000000095 0.059999999999999998 
0.056740704188793879 -0.037966769859015308 
0.059999999999999998 -0.039999999999999342 
0.053490020422258915 -0.035940482316361835 
0.05026148631024209 -0.03393620950913126 
0.047043587073343461 -0.031889117845761726 
0.04383026076271717 -0.029842127333153116 
0.040593821800662608 -0.027798152970688491 
0.037370421041306848 -0.025760522591909502 
0.034139068865244461 -0.023735478695715472 
0.030819885043198433 -0.021781003135034154 
0.019481808620481253 -0.016952428155568341 
0.027326112755665169 -0.019916001834992411 
0.023724664594510076 -0.017629714438950405 
0.010601462640413076 0.0053994016810770384 
0.009091926099624649 0.0029875734558803104 
0.0087823318342623233 0.001933721662915334 
0.010002315630640279 0.0036364685473155773 
0.010721492489714912 0.004421704162190467 
0.0092468536753430326 0.0005669564682210447 
0.013026864953461871 -0.007363907890999815 
0.014261981853322191 -0.0081362534155581707 
0.015858293340216618 -0.0093661064326379575 
0.01271006757794407 -0.0061894974907632646 
0.011923772173102934 -0.0051187115616571207 
0.010127663395164065 -0.0012434263228700683 
0.01146398910537692 -0.0026424863829419653 
0.012145818104174567 -0.0038347546085677072 
0.017742362511451788 -0.010761715376386888 
0.018808645941043811 -0.013526536454092304 
0.0096740719069117846 0.010022710005606113 
0.01004393867722048 0.0098061573188885365 
0.010423128941727469 0.0095084716324220376 
0.010744232949846061 0.0091223800505631121 
0.011061076167393267 0.0086411370285666179 
0.011284584524797928 0.0080786667712578284 
0.010846021972668029 0.0070348167858951269 
0.011339188397732696 0.0075294400226730597 
0.011397418005889781 0.0059704246229952381 
0.0087387072031192194 0.011183291832060146 
0.0085443880408344001 0.011513976246185225 
0.0082120984761244135 0.011683898401825144 
0.0092962859699619108 0.010840285355628533 
0.0091816840749658572 0.011222955505151512 
0.0097292606556130933 0.010372770682761533 
0.0097636634536532579 0.010771067158238425 
0.0072692722131152713 0.011333894666117497 
0.0078028751936230082 0.01156068485438809 
0.0043617610949144708 0.011527480452739092 
0.0052153454352979241 0.011764291652795295 
0.0059937308170781144 0.011767854169608257 
0.0066857502999338354 0.011651614398741034 
0.0080042029895656119 0.012002506646846895 
0.0024146848344873892 0.011477569004030791 
-0.00019055666302216466 0.011168135533430315 
0.0012572312066874139 0.01139221827753574 
0.0038297976914834753 0.012447969497210521 
0.0029410112014253446 0.012306097417811631 
-0.0038346404893065946 0.011805718923348673 
-0.0015225934207870175 0.012591313522631013 
-0.0057446750273561532 0.014201908047573203 
-0.0078872413794175422 0.016421519284613172 
-0.0095446809360927032 0.018715595807048339 
-0.012215142045477228 0.019762107650349969 
-0.01839529870413166 0.022908787344366945 
-0.015114450119226368 0.021409085469786766 
-0.018304433798429328 0.025709271713928616 
-0.020041081959929943 0.02814131792836843 
-0.021935261977386458 0.03116663361345845 
-0.023907900446038403 0.03428609627901423 
-0.025915905877289636 0.03744500125474446 
-0.027969119700759815 0.040615171032729415 
-0.030042981307913212 0.043794325460309723 
-0.032162933047771909 0.04703823897648534 
-0.034150065143410305 0.050277738402011662 
-0.036086971471116516 0.053529265169423551 
-0.03804780596592456 0.056758574298118147 
-0.040000000000000119 0.059999999999999998 
0.056750054999226897 -0.033979708300715873 
0.059999999999999998 -0.035999999999999366 
0.053508677656175931 -0.031966760055519773 
0.050276468090929713 -0.029967705801930068 
0.047045843764020552 -0.027960039342514491 
0.043809362539582473 -0.02593621719195199 
0.040576774088827636 -0.023913283084559291 
0.037350436397160333 -0.021898249026554652 
0.034088175584627275 -0.019895115116828746 
0.03079566125200377 -0.017975525278414235 
0.021927123427544826 -0.014352441921733808 
0.027523299908921432 -0.016070511670033948 
0.024810725251868393 -0.014331018100938847 
0.011891202690178994 0.0047972152752588275 
0.010385088254593184 0.0020761700209380191 
0.011413159099432087 0.0034886011702090951 
0.011574709103228348 0.00041569855037426335 
0.014285097066176013 -0.0066790192901013054 
0.015627060255388483 -0.007654356169023489 
0.017334779352049967 -0.0082015825524979508 
0.019065676988182959 -0.0090602803301611402 
0.013804593106506041 -0.0048123758575605779 
0.012473186172492417 -0.0011289367946889571 
0.013307406509130603 -0.0027695753193075949 
0.020690552227439155 -0.010910940149729733 
0.020609243121286199 -0.0084151674903200305 
0.010181652550348952 0.010167818052796106 
0.010611430386497752 0.0098916958124606082 
0.011045339578973017 0.0095332885260122537 
0.011458505551678391 0.0090447426991283851 
0.011827159801666967 0.0084381760320303041 
0.01202503395999777 0.0077205813653663871 
0.011878747273139105 0.0068744495950094041 
0.012903571635518415 0.0058886243043681542 
0.013346970733278438 0.0048204659660445294 
0.0089720007005878333 0.011658032125477925 
0.0085608144864721299 0.012061021675883108 
0.0097041971039195096 0.011205824644136404 
0.0095539854919735063 0.011723767390808701 
0.010265265514384076 0.010613616090226491 
0.010257648482435299 0.011110414463293 
0.0074132045086623905 0.012099413310422136 
0.0047308863496760781 0.012535913072084098 
0.0056602315486498911 0.012599723283825149 
0.0065362706500182452 0.012417081689404273 
0.0080323956034069523 0.01260944269638592 
0.0041986032801745645 0.0132898812140966 
0.0019187887119756196 0.012675009852636874 
0.00029646960909480291 0.012818895108826271 
0.0031073238266268303 0.013481353961863641 
-0.0029570911343318445 0.014503527788378615 
-0.00063427768088207114 0.014611914160144669 
-0.0045675174395249955 0.017409203624904616 
-0.0070588406696836196 0.019469393598821584 
-0.0094131504571001445 0.021509983772769414 
-0.012267304615493085 0.023328876057267623 
-0.01546034414773796 0.024709873964752965 
-0.016586739868837071 0.027981658148819064 
-0.018178726017912646 0.031123534948742222 
-0.020037878589343489 0.034274941880708183 
-0.0219975102804063 0.037438026139592628 
-0.023995334662181986 0.040625261503811835 
-0.02602151213944023 0.043822882698393795 
-0.028057946210801977 0.0470460853559816 
-0.030059582570255084 0.050294409343695258 
-0.032035760204052188 0.053544067160188752 
-0.034015533387393299 0.056775172238020331 
-0.036000000000000143 0.059999999999999998 
0.056756262231342371 -0.029989283688022988 
0.059999999999999998 -0.03199999999999939 
0.053517119368713978 -0.027982814593159062 
0.050281240935413959 -0.025982503495378798 
0.047043785609931318 -0.023982679174770653 
0.043804918609886459 -0.021978397970833924 
0.040570235825288174 -0.019976022109552082 
0.037333647910500103 -0.017962543047395894 
0.034095265390270045 -0.01599174228054592 
0.030886138543116514 -0.014035006911440539 
0.023900020499170463 -0.011507462763683198 
0.02746925826540552 -0.011918794855732689 
0.013137010118769983 0.0036390351596154442 
0.012743006013301354 0.0019522546457787174 
0.013890247947045633 0.0006007588043082223 
0.01639514966517764 -0.0058888191543220673 
0.01896315939336668 -0.0069462072450876718 
0.015864840649836467 -0.0032062535782049809 
0.014923521709061145 -0.0011308243587898443 
0.022778626524163584 -0.0087803683125749678 
0.021497818937237491 -0.006393489472504444 
0.010796001634662893 0.010384005177758457 
0.012773697211419752 0.0081948457163651418 
0.011332161745175609 0.010048477295615574 
0.011869707010370722 0.0095663724679472869 
0.012375296049628021 0.0089504376160521697 
0.013116172554436922 0.007215965638502052 
0.014111531154391191 0.0064941547341269478 
0.014417230093764992 0.0054661964826196912 
0.01438583912815981 0.0043112586083605261 
0.013699106457301834 0.0080039701411510327 
0.0092771280018694429 0.012273415081432574 
0.0088147416835194399 0.012904956907259443 
0.010041267531901819 0.012337543335946458 
0.010187353247029607 0.011703405926921453 
0.010905628918887489 0.010898962166640321 
0.010719782656737856 0.011469610793594908 
0.0072579172992169646 0.013033905916140431 
0.0051225381394866785 0.013581762238967721 
0.0062550172573890596 0.013454333967638864 
0.0081452977944661501 0.013566143132449264 
0.0042028423175399917 0.01440059379945338 
0.0015067439315116212 0.014603986565399386 
0.0031925596032751037 0.0149924800750235 
-0.0016724953064714905 0.016993116846728228 
0.00063442869938111295 0.016772189758466307 
-0.0024001344682997635 0.019612280693853564 
-0.0046743652545939672 0.020292612792640868 
-0.0062569887849116624 0.022557718533364267 
-0.0089277332547010972 0.025246235527594987 
-0.012473007668715713 0.02733596995835167 
-0.0095971032974433781 0.028010950294219017 
-0.014327863371403829 0.030962324435294855 
-0.01614193306930204 0.034216289639501025 
-0.018059083833402882 0.037426547538788123 
-0.020027329319016015 0.040624528358914287 
-0.022021321196497721 0.043829627134504424 
-0.024026789824202421 0.047051401677899285 
-0.026030723038633324 0.050288694659257262 
-0.028021881950995271 0.053532524707771471 
-0.03001261322285775 0.0567697992154488 
-0.032000000000000167 0.059999999999999998 
0.056759250082475843 -0.025994935063578601 
0.059999999999999998 -0.027999999999999418 
0.053520366151521163 -0.023991493040532889 
0.050282287413877295 -0.021989977672644243 
0.047043722580011223 -0.019989210982651381 
0.043804423608749331 -0.017990369641718847 
0.040565072859022187 -0.015997131439192989 
0.037332203231721199 -0.014017886333753605 
0.034125230409354286 -0.01206770785133268 
0.030974994919143312 -0.010229774796143268 
0.025723837298601313 -0.008751213241389149 
0.028519988094801843 -0.0085250079503818889 
0.015007985195235333 0.0028221183778336387 
0.016420160524614959 0.00093789390293320637 
0.019204280468548378 -0.0039831072910317695 
0.017758353933508778 -0.00116927975827513 
0.024337983767248075 -0.0059828144644716091 
0.022663526790509151 -0.0034340162975499068 
0.011479870692683488 0.010683461648811647 
0.01351037133267026 0.0088312969907186692 
0.012249736183800574 0.010258339699378474 
0.012934592475054985 0.0096528752373181061 
0.014421520189290403 0.0073351336131272909 
0.015295021935123878 0.0064509684976159481 
0.0160039332239569 0.0048358243231291587 
0.014573378045030923 0.0084334742847740479 
0.0097076743309287023 0.01309270278853409 
0.0091726832683578889 0.013910317676373561 
0.010683703938426693 0.013077879679374436 
0.010837315802921242 0.012155757816460727 
0.01154504280062359 0.011500398805638821 
0.0071992198198616878 0.014231230875835617 
0.0057568259363736819 0.0148728169286346 
0.0084104730619768923 0.014767738377892288 
0.0044219578125493948 0.015943473651397831 
0.0025832894346134176 0.01648348145441237 
-4.6915492553946713e-005 0.019117170781219977 
0.0020853864192314111 0.018694065126772474 
-0.0007006970981306152 0.021207921558247834 
-0.0027388313133436745 0.022653645236714162 
-0.0049813382761602892 0.025585157914352698 
-0.0071317981395822337 0.028585736397319213 
-0.010215508070304028 0.030713519260916217 
-0.012151081750125921 0.034120003928635442 
-0.014090885790680298 0.037399064250957341 
-0.016047815437398322 0.040622968982076492 
-0.018025034494722172 0.043834936484798227 
-0.020016115662874163 0.04705664473988757 
-0.022014008437454321 0.050288862456613424 
-0.024011340042658633 0.053527492542110609 
-0.02600250379470535 0.056767031186712148 
-0.028000000000000191 0.059999999999999998 
0.056760447167004069 -0.021997860549255534 
0.059999999999999998 -0.023999999999999449 
0.053521470191941513 -0.019996158745038208 
0.050282428769936709 -0.017995465542051368 
0.04704210484642022 -0.015997248488979106 
0.043797929040764814 -0.014006366448494624 
0.040550463005869793 -0.012032000636251027 
0.037302570321428911 -0.010093854381205485 
0.034051858387176462 -0.0082281955189407781 
0.030797495815005269 -0.0066039356890310362 
0.027468098080120538 -0.0057647212189945157 
0.017643866280773895 0.0032617515028834855 
0.019259711448391274 0.0013147838604122674 
0.020877608800600449 -0.00094817108496965917 
0.025895994972856377 -0.0027730782438166639 
0.024164143082908967 -0.00053213266890604443 
0.012495155771866606 0.011096910333086544 
0.014271834955288949 0.0096669480136074935 
0.01342474568082312 0.010525754721963355 
0.015942326041730938 0.0077289610683669834 
0.016759023280197981 0.0065182370454260593 
0.018392990851488506 0.005512163963670518 
0.016060982659470053 0.0094345900729852269 
0.010264762132762355 0.014083336317403983 
0.0097002063814922209 0.015067090290367088 
0.011316276185939604 0.013915435205235707 
0.011848172221926051 0.012847324677391331 
0.012629571979162951 0.011999688193021643 
0.0073700247717102957 0.015693277506046953 
0.0061323143816245929 0.01676537182953497 
0.0088754705633252284 0.01613858171995176 
0.0044692194509558473 0.018263270117392438 
0.0013387130051877084 0.021143196086501847 
0.0035335834178043305 0.020385082562641897 
0.00034368277835660052 0.023513314992949636 
-0.0012638433781426489 0.02585486876924608 
-0.0035689393057726005 0.028612769988888977 
-0.0062463977353785505 0.03144408146005219 
-0.0081507695803262753 0.034290189165892652 
-0.010096858347494934 0.037439988087938997 
-0.012050877444187978 0.040630738111296819 
-0.014027022795219557 0.04384284555293369 
-0.016012665326998739 0.04706207820580216 
-0.018006803258634834 0.050290864429631078 
-0.020004249460627111 0.053526130359315048 
-0.022002101553729152 0.056763758094356798 
-0.024000000000000219 0.059999999999999998 
0.056760856263163739 -0.017999274195735975 
0.059999999999999998 -0.019999999999999477 
0.053521644396786812 -0.015998757855935419 
0.050281502379747794 -0.013999533079212123 
0.047037830094486081 -0.012004381949216955 
0.043785493823234385 -0.010019687966986702 
0.04051896443653278 -0.0080583299771176224 
0.037238003436808845 -0.0061596225663093362 
0.033841830826133172 -0.0043393796720592502 
0.029927596720578674 -0.0025368594685927131 
0.020500263217177041 0.0039984051340511886 
0.022351265685309377 0.0018033726938792816 
0.027155370365556812 0.00035538428001987056 
0.025088434958799664 0.0020299459076856896 
0.013641967294105906 0.011613818929705306 
0.014928688685648553 0.010862513596818599 
0.018020907034989434 0.0080172209273743338 
0.021038036684139765 0.0071040926694732913 
0.017914456087963864 0.010086348611762885 
0.016775136093530166 0.011246659621462061 
0.010244459569173605 0.016249106115538488 
0.011233402538827767 0.015253503721776564 
0.012551340097755154 0.014315131630232224 
0.01344442957112006 0.01304677374753012 
0.0081031349928493302 0.017337461462535127 
0.0067536057298946258 0.018486911907604747 
0.0098405940615024293 0.017605318246084703 
0.0060682374173895506 0.020720705912901722 
0.0037439714989972481 0.023081463144212982 
0.0022151584420261098 0.025891959125726366 
0.00026402526527855794 0.028660754521826398 
-0.0020542835706504358 0.031546020870537317 
-0.0041084230437120235 0.034491724095527559 
-0.0060863485349422 0.037531818162285506 
-0.0080532707150456073 0.040671728267104128 
-0.010025941729177481 0.043858197893910635 
-0.012012288758348845 0.0470702867558076 
-0.014004887522184574 0.050294080057924691 
-0.016002194988055007 0.053526176128966402 
-0.018001003864861604 0.056762468601860738 
-0.02000000000000025 0.059999999999999998 
0.056760952425127596 -0.013999874577574808 
0.059999999999999998 -0.015999999999999501 
0.053521448220128671 -0.012000034228621287 
0.050280707197626812 -0.01000128979129501 
0.047036994716773556 -0.0080039615794514577 
0.043770103091934069 -0.006014068861488378 
0.040512939009822307 -0.0040696265766463069 
0.037207663513098913 -0.00217204885071942 
0.033809514412166328 -0.00035856706298878401 
0.030524872572212192 0.0017262813267213868 
0.024176931113799857 0.0049290203831748548 
0.027497874137404229 0.0036680414145455311 
0.023829457638846516 0.0080139778068611493 
0.015396403725920252 0.012687279514076793 
0.020038533639934929 0.0097361530599353666 
0.022267627021494887 0.0095318797482354441 
0.018861007213952802 0.011659351075973927 
0.017468573992906765 0.012744410732813466 
0.011572624300720388 0.017181036599512315 
0.013063421464690729 0.016186426835110842 
0.01459912210785004 0.014817399540753435 
0.0088107159567577358 0.019581641238022217 
0.011465997839366349 0.01927816981904535 
0.0084055648807918951 0.021918611486489058 
0.0067526720681054739 0.023234051490203071 
0.0060128841161732408 0.02569603727663286 
0.0041902303714936619 0.02854531604949026 
0.0020467116115309952 0.031526566060925874 
-4.7702039170220017e-005 0.034542076652074344 
-0.0020671205321431325 0.037599771620861276 
-0.0040508878357536126 0.040714543242296557 
-0.0060249693162987726 0.04387726562665354 
-0.0080145400217465895 0.047081998682352237 
-0.010005738147274944 0.05029925363924883 
-0.012002239045170419 0.053527873165171685 
-0.014000732302399163 0.056762504715116104 
-0.016000000000000278 0.059999999999999998 
0.056761068742625709 -0.010000029974927256 
0.059999999999999998 -0.011999999999999528 
0.053521879730681204 -0.0080001609918351133 
0.05028281812074939 -0.0060002360847772728 
0.047043934632771692 -0.0039998072738930092 
0.043800208208241494 -0.0020043137193043485 
0.040521343103636621 -6.4599324564650583e-005 
0.037211124944026973 0.0018438289397938214 
0.033913201487652873 0.0037788309680435359 
0.030674592532588613 0.0057162926361301915 
0.027042816581094743 0.0077694103690283071 
0.024708671210777605 0.010589720821233266 
0.017016639921787969 0.014508004527623738 
0.021723435933775636 0.012215454383674147 
0.019245907535605459 0.013927080046195644 
0.013662521802384503 0.01854065702515097 
0.014761517940606511 0.01701083249323955 
0.016331447823612445 0.016337613831985072 
0.01386760839110796 0.02086685273923139 
0.011021529027060873 0.021710517447445621 
0.0093453717230284252 0.024663127659156667 
0.0078999291055688384 0.028120512578524111 
0.0059723115622367061 0.031371301730420943 
0.0039556880799977026 0.034493926541205956 
0.0019396077451284994 0.037603303814729955 
-5.3838317253257799e-005 0.040734379690683276 
-0.0020359710497592637 0.043898746673331983 
-0.004019473671700048 0.047092348620174307 
-0.0060089394170919587 0.050304938385500181 
-0.0080036277269531827 0.053530382031147294 
-0.010001061436422235 0.056763193087332818 
-0.012000000000000302 0.059999999999999998 
0.056761074083643816 -0.0060000155746575239 
0.059999999999999998 -0.0079999999999995595 
0.053522161864126248 -0.0040000061078072245 
0.050283351565675538 -0.0019999126529962256 
0.047045005113783442 -9.8366359337635817e-008 
0.043807547066862199 0.0019965640169193298 
0.040550174653108298 0.0039713285099940137 
0.037259411724793301 0.0059001611524239104 
0.033990738505269076 0.0078327557089849058 
0.030724490297528193 0.0097799352787533451 
0.02768769913671813 0.011688884242499809 
0.024716043921515721 0.013988284113697329 
0.01858659895433562 0.016617952478801365 
0.021744821335436586 0.015767376938834444 
0.016459785089723469 0.018967853278572623 
0.015964965263369855 0.022184461996502577 
0.013679453065136821 0.024224892654998689 
0.011691463905118708 0.027826219540967714 
0.0098396973537750853 0.03116198276859326 
0.0079006613033670691 0.034383626914046471 
0.0059219977209313815 0.037554326484140095 
0.0039365951627875137 0.040717938748438619 
0.0019551891593036271 0.043897153440165655 
-2.6532329105182931e-005 0.047095083551329131 
-0.0020137110089398376 0.050308001926988331 
-0.0040058499347661756 0.05353216781248752 
-0.0060017916117027772 0.056763801160732152 
-0.0080000000000003298 0.059999999999999998 
0.056761087257814091 -0.002000006441542974 
0.059999999999999998 -0.0039999999999995872 
0.05352222791876169 -1.6332692194105252e-008 
0.050283552441850475 0.0019998313568256034 
0.047045428694746261 0.0039986583062708667 
0.043807084347716935 0.0059951139659145513 
0.040566389939077241 0.0080000000000003315 
0.037301886522706357 0.0099326676748077141 
0.034061414324759891 0.011865967315648521 
0.030887851697506536 0.013802548909494517 
0.027781273565204739 0.015804199049957942 
0.024608519186791179 0.01776515139650969 
0.020862463562804089 0.019603671103103196 
0.018455572332844516 0.021909968061964422 
0.01748559034917474 0.024960675033976903 
0.015642056493214138 0.027773474783739135 
0.013742275689988943 0.031013326800794418 
0.011831267237679495 0.034267738261861115 
0.0098858549382546956 0.037483735973217684 
0.0079203631880611722 0.040679408468480886 
0.0059465807752758573 0.043879054820129493 
0.0039673969353630377 0.047088370173914873 
0.0019825560450701441 0.05030666023297161 
-7.7718538834961595e-006 0.053532438696967721 
-0.0020024626245666436 0.056764124289439499 
-0.0040000000000003609 0.059999999999999998 
0.05676108407701639 0.0019999962059454781 
0.059999999999999998 3.8857805861880479e-016 
0.053522290324998313 0.0039998575286704233 
0.050283835261381325 0.0059993523358136056 
0.047045900516904611 0.0079986147566790556 
0.043809116617116312 0.010000007991221206 
0.040577043223606675 0.012002408714852024 
0.037337630009732427 0.013941532070130462 
0.034131152076571421 0.015878048001750935 
0.030966533082712421 0.017814870741289613 
0.027819357751631826 0.019750594302398429 
0.024727154984154093 0.021676782871066804 
0.021587148589221242 0.023935176265466727 
0.019573494753974283 0.027683773580635382 
0.017680509267319997 0.030935493794765876 
0.015776292290300933 0.034175869732523192 
0.013847281972250797 0.037420748605380645 
0.011900677785291552 0.040638482010292569 
0.0099389902245933439 0.043854444163386679 
0.00796498394916852 0.047075778114515278 
0.0059816499082924303 0.050301712278239867 
0.0039916690092068122 0.053531277414869023 
0.0019972898457997564 0.05676417664775265 
-3.8857805861880479e-016 0.059999999999999998 
0.056761065195308734 0.0059999997285673408 
0.059999999999999998 0.0040000000000003609 
0.053522203567223925 0.0079998547447176389 
0.050283933111743152 0.0099993559377617742 
0.047046158434891718 0.011999255228531043 
0.043811864308316691 0.014001859295239817 
0.040581071452591509 0.015991149997083145 
0.037370633452892155 0.017944090845314474 
0.034184398228069998 0.019875579599543974 
0.031023210374656825 0.02179435854749423 
0.027873703244409149 0.023666410021660506 
0.025029605128646864 0.024960493613385853 
0.023366248411078497 0.027714258264724248 
0.02159257531379925 0.030953081159307175 
0.019730780906387753 0.034145090076469625 
0.017812273792798247 0.037378831258577674 
0.015878030069776793 0.040607943649888352 
0.013930684205129091 0.043832768634946256 
0.011963730222204613 0.047062661606172972 
0.0099822942385541652 0.050295233093959696 
0.0079921915977002878 0.053528925149290529 
0.0059973046400900515 0.056763827649917796 
0.0039999999999995872 0.059999999999999998 
0.056761084381801406 0.0099999711345371157 
0.059999999999999998 0.0080000000000003298 
0.053522352506241155 0.011999791574080147 
0.050283674413382023 0.013999462628907609 
0.047046528248403045 0.016000447896872879 
0.043814187296557013 0.018001225811706555 
0.040601811520571636 0.019978500424321158 
0.037405525485287958 0.021934250058571317 
0.034240463716454062 0.023865446268448269 
0.031058249274263639 0.025794217968072384 
0.027597540526119957 0.027810736840801875 
0.025518366939952096 0.031108980731855276 
0.023646866567075136 0.034192681126107509 
0.021767198393653226 0.037372371441570316 
0.019846866483419316 0.040593271035866497 
0.017916422839408089 0.043818383708416432 
0.015958224046360703 0.047052028344604098 
0.013980806304841253 0.050288663237854768 
0.011992086631818171 0.053525602031138986 
0.0099974422142622647 0.056762653212472404 
0.0079999999999995595 0.059999999999999998 
0.056761171104578768 0.014000065212426726 
0.059999999999999998 0.012000000000000302 
0.053522682329325555 0.016000282520977627 
0.050284563661854159 0.018000893868828305 
0.047048472841796474 0.0200038228649131 
0.043828292580817753 0.021992929902570329 
0.040628508645153077 0.023961623026242638 
0.037496884567162624 0.025885684081091334 
0.034378589239302933 0.027823034561744248 
0.031318675726416667 0.029722916176804063 
0.028632544636735209 0.031356218347776299 
0.027575859748700696 0.03420416951581208 
0.025681198826853258 0.037383192375163118 
0.023794233612148313 0.040590239406661344 
0.021894827978373332 0.043808078357830085 
0.019943214682937183 0.047043304023105609 
0.017973357898977891 0.050282196348928387 
0.015989126392269005 0.05352183072971136 
0.013996756695249879 0.056761176532281264 
0.011999999999999528 0.059999999999999998 
0.05676145713065861 0.018000401045180147 
0.059999999999999998 0.016000000000000278 
0.053523761438293377 0.02000170675191397 
0.050287215988667172 0.022004496371006207 
0.047050659306462635 0.024011064704438145 
0.043852253029622965 0.02597976354190859 
0.040712007630674223 0.027902766944552727 
0.037641017976437201 0.029807141878464949 
0.034711985280402056 0.031710519118254468 
0.031533145401676246 0.033842770224175103 
0.029583826225134838 0.037350428693412124 
0.027719208414407358 0.04058926406741533 
0.025827883345036443 0.043807194837450235 
0.023921316155687461 0.04703321197702668 
0.021957087182786841 0.050275311116369271 
0.019981562782306998 0.053517501479616925 
0.017994523822257344 0.056759454132412401 
0.015999999999999501 0.059999999999999998 
0.056762049180492082 0.022001226568411494 
0.059999999999999998 0.02000000000000025 
0.053526140375011792 0.024003809827212622 
0.050293886938146674 0.026007724691363841 
0.0470630930413325 0.028017434223602335 
0.043909119422158742 0.029927709139637156 
0.040790405971176363 0.031820145824813476 
0.037756235169905027 0.033700700740333447 
0.034965448042422125 0.034872512826864328 
0.033357230162640278 0.037456674177480109 
0.031570042494921263 0.040645688167365732 
0.029724569793456231 0.0438107697819261 
0.027867841027648624 0.047026186128667435 
0.02593554607215523 0.050266539497551527 
0.023968386803783669 0.05351213383331941 
0.021990035220099995 0.056757192510127709 
0.019999999999999477 0.059999999999999998 
0.056763294736161263 0.026002413431110719 
0.059999999999999998 0.024000000000000219 
0.053531327798401869 0.028004914127966126 
0.050305677577802438 0.030004060897128523 
0.047114159556388903 0.03195857326088896 
0.043954154130159961 0.033858669006723123 
0.040782054574259798 0.035713597558765221 
0.037371219308990067 0.037618976724224221 
0.03518244703849064 0.040705239127893499 
0.033511105640754719 0.043822110791452228 
0.031771006623570477 0.047019839695585007 
0.029877545553283615 0.050254573262587025 
0.027952353091035914 0.05350417208641764 
0.025982426937276804 0.056753551692328909 
0.023999999999999449 0.059999999999999998 
0.056765866688257928 0.030003751893154618 
0.059999999999999998 0.028000000000000191 
0.053539169310896952 0.032005174818442103 
0.050330599716825415 0.033987554081334255 
0.047151029696416408 0.035922439153000023 
0.0439891810468723 0.037798745305402205 
0.040831131818455074 0.039484347751094856 
0.038211876965977665 0.040949880128339444 
0.037073207657659875 0.043738104778499272 
0.035588295183230222 0.0469682564091898 
0.033810207625601468 0.050225011621797711 
0.031921674649222728 0.053486799432141761 
0.029973349290085837 0.056746796730441175 
0.027999999999999418 0.059999999999999998 
0.056769276594852112 0.034006639760565456 
0.059999999999999998 0.032000000000000167 
0.053546284165659194 0.036011310571738134 
0.05035813549354904 0.037981140176965654 
0.047180044491937884 0.039926861209313769 
0.04404973615375371 0.041871470330649779 
0.040600832449253749 0.043202466087692508 
0.039343506482093053 0.046780073796688117 
0.037694706869409428 0.050155384004877658 
0.035867704533952396 0.053456271958190277 
0.033958031597630688 0.056733422212899731 
0.03199999999999939 0.059999999999999998 
0.056776444601098576 0.0380098207581036 
0.059999999999999998 0.036000000000000143 
0.053572084961007953 0.040011158460309872 
0.050382132882636051 0.042011311709580758 
0.047154104676561094 0.043971300380506187 
0.043818286731321286 0.046320740899429072 
0.041731546532350623 0.05007558750799216 
0.039826980859228839 0.053427102735407905 
0.037931551225242222 0.056722002368823222 
0.035999999999999366 0.059999999999999998 
0.056789332540184111 0.042012625887470366 
0.059999999999999998 0.040000000000000119 
0.053585099060377533 0.044035395641015461 
0.050510110347061217 0.045974100551684056 
0.047440957009011034 0.047259119804550831 
0.045739313483911852 0.05010726470598429 
0.04380676226487653 0.05343343667899822 
0.041921908367750255 0.056719385713868586 
0.039999999999999342 0.059999999999999998 
0.056810032539040135 0.046009425145953832 
0.059999999999999998 0.044000000000000095 
0.05360467645299747 0.04801478972851126 
0.049968477877267048 0.050086226387777696 
0.047669850488644604 0.053468476957157729 
0.045877696317003454 0.056716418615434604 
0.043999999999999304 0.059999999999999998 
0.05688087270683604 0.049994292685884324 
0.059999999999999998 0.04800000000000007 
0.053873466187402838 0.051989297958752165 
0.050906599310298187 0.053736787795644086 
0.049719321079794099 0.05672961034613444 
0.047999999999999279 0.059999999999999998 
0.056996961331925618 0.053952500126689583 
0.060000000000000005 0.052000000000000053 
0.053856691749374234 0.056450772378356558 
0.051999999999999255 0.059999999999999998 
0.057370730616259816 0.057280654501009241 
0.059999999999999998 0.056000000000000022 
0.055999999999999231 0.059999999999999998 
0.059999999999999998 0.059999999999999998 
